#vuds_ident alpha delta id_iau id_candels z_spec zflags magi model age age_loweff1sig age_higheff1sig log_stellar_mass stellar_mass_loweff1sig stellar_mass_higheff1sig log_star_formation_rate star_formation_rate_loweff1sig star_formation_rate_higheff1sig log_specific_sfr specific_sfr_loweff1sig specific_sfr_higheff1sig m_k k ek z_1a ra dec flag
5100994794 150.17146301 2.28725791 VUDS-J100041.15+021714.1 9000 4.5783 3 24.662 13 425476000 156843000 874747000 9.95744 9.73953 10.135 1.50803 1.31161 1.79192 -8.44178 -8.77615 -8.00879 -22.879 24.504 0.25 4.5783 150.17146301 2.28725791 3
5100994936 150.15925598 2.28497696 VUDS-J100038.21+021705.9 8817 2.8269 2 24.873 5 383995000 167171000 777738000 9.58382 9.40737 9.73709 1.17259 0.967555 1.40656 -8.41559 -8.71974 -8.04949 -21.366 23.975 0.154 2.8269 150.15925598 2.28497696 2
5100994969 150.15342712 2.28604698 VUDS-J100036.82+021709.7 8896 3.3839 1 24.92 13 54349400 47562300 143350000 9.18959 9.01413 9.34263 1.60176 1.36028 1.76593 -7.58653 -7.92447 -7.28308 -20.778 -99.9 -99.9 3.3839 150.15342712 2.28604698 1
5100995077 150.18678284 2.28473496 VUDS-J100044.82+021705.0 8789 2.3651 1 24.87 1 811020000 348527000 1666170000 10.1122 9.97368 10.2152 1.30631 1.03984 1.52081 -8.82363 -9.14556 -8.52152 -22.39 23.293 0.082 2.3651 150.18678284 2.28473496 1
5100995119 150.14807129 2.28523111 VUDS-J100035.53+021706.8 8833 3.0291 2 24.884 11 51156200 46649500 56098200 9.48759 9.35407 9.54048 2.03352 1.91173 2.16067 -7.33408 -7.58945 -7.24291 -21.998 23.289 0.082 3.0291 150.14807129 2.28523111 2
5100995291 150.18522644 2.28445411 VUDS-J100044.45+021704.0 8783 0.9993 22 24.52 9 3636800000 1462380000 4980330000 9.62339 9.42095 9.71886 0.266141 0.107864 0.480914 -9.38643 -9.58808 -8.95182 -20.621 22.915 0.062 0.9993 150.18522644 2.28445411 22
5100996068 150.16772461 2.27846694 VUDS-J100040.25+021642.4 8249 0.1868 4 23.783 5 981779000 442799000 1851930000 7.49557 7.38698 7.59699 -1.35439 -1.61907 -1.05981 -8.86961 -9.19789 -8.46853 -16.093 23.33 0.1 0.1868 150.16772461 2.27846694 4
5100996069 150.16717529 2.27849102 VUDS-J100040.12+021642.5 8242 3.1692 22 25.099 1 490067000 201847000 1027360000 9.56173 9.35172 9.7423 1.03567 0.854719 1.26326 -8.51966 -8.82637 -8.12703 -21.4 24.678 0.306 3.1692 150.16717529 2.27849102 22
5100997733 150.14434814 2.2668879 VUDS-J100034.64+021600.7 -99.9 3.0019 3 24.444 11 567711000 330876000 984106000 9.70282 9.54494 9.83881 1.15231 1.03959 1.2728 -8.55135 -8.74817 -8.31953 -21.59 23.727 0.141 3.0019 150.14434814 2.2668879 3
5100998496 150.20501709 2.26216006 VUDS-J100049.20+021543.7 6868 3.8979 4 24.484 5 437642000 199512000 849058000 10.3926 10.2441 10.5279 1.9188 1.74773 2.13722 -8.47998 -8.73711 -8.1319 -23.215 23.004 0.073 3.8979 150.20501709 2.26216006 4
5100998761 150.16477966 2.26069689 VUDS-J100039.54+021538.5 6749 2.4460 4 24.902 11 859736000 451206000 1444350000 9.49886 9.3089 9.65087 0.769458 0.639515 0.879617 -8.72026 -8.97013 -8.47356 -21.067 23.864 0.144 2.446 150.16477966 2.26069689 4
5100998765 150.16551208 2.26052308 VUDS-J100039.72+021537.8 6797 0.0000 24 23.254 2 430940000 277085000 524681000 7.01262 7.00404 7.0212 -2.11794 -2.22751 -2.02885 -8.96409 -9.13841 -8.83157 22.605 22.605 0.051 0.0 150.16551208 2.26052308 24
5100999282 150.17448425 2.25841594 VUDS-J100041.87+021530.2 6611 1.2543 2 24.426 13 325855000 161207000 685152000 9.23797 9.12916 9.36794 0.938019 0.721369 1.0712 -8.27372 -8.60313 -8.08193 -21.112 23.529 0.097 1.2543 150.17448425 2.25841594 2
5101000103 150.1965332 2.25314689 VUDS-J100047.16+021511.3 6203 3.0200 1 24.844 8 1416770000 866307000 1866850000 9.73141 9.57711 9.85153 0.753539 0.634407 0.866348 -8.99469 -9.14232 -8.77976 -21.617 24.294 0.194 3.02 150.1965332 2.25314689 1
5101000980 150.15356445 2.24620104 VUDS-J100036.85+021446.3 5707 2.1553 1 24.274 1 607417000 339553000 1035150000 9.72418 9.61113 9.83048 1.085 0.927866 1.26304 -8.65228 -8.87921 -8.39974 -21.534 23.438 0.115 2.1553 150.15356445 2.24620104 1
5101001041 150.16252136 2.24579906 VUDS-J100039.00+021444.8 5654 4.3853 2 24.686 13 217868000 102075000 498220000 9.37372 9.13176 9.59196 1.22705 1.05924 1.39219 -8.12486 -8.46665 -7.75169 -21.256 -99.9 -99.9 4.3853 150.16252136 2.24579906 2
5101001055 150.15161133 2.24576306 VUDS-J100036.38+021444.7 5705 1.6250 1 23.987 1 586641000 531139000 641201000 10.5216 10.4751 10.5764 0.143384 -0.0779078 0.251586 -10.3576 -10.6139 -10.2504 -23.323 21.471 0.019 1.625 150.15161133 2.24576306 1
5101001604 150.18133545 2.241503 VUDS-J100043.51+021429.4 5299 3.1582 3 24.975 13 699777000 325814000 1283480000 9.63592 9.41867 9.80657 0.960137 0.834869 1.15341 -8.665 -8.91601 -8.32414 -21.514 24.622 0.32 3.1582 150.18133545 2.241503 3
5101001616 150.18554688 2.24180889 VUDS-J100044.53+021430.5 5380 0.3381 3 23.591 10 2170340000 1090750000 4260610000 8.16436 8.06934 8.27847 -1.06868 -1.26383 -0.883994 -9.23191 -9.49393 -9.01027 -17.457 23.22 0.075 0.3381 150.18554688 2.24180889 3
5101001738 150.16914368 2.23839498 VUDS-J100040.59+021418.2 5145 2.9967 2 23.039 2 997327000 921888000 1081110000 10.8518 10.8165 10.8859 1.10383 1.03323 1.17395 -9.69697 -9.767 -9.62889 -24.015 22.054 0.026 2.9967 150.16914368 2.23839498 2
5101001747 150.17301941 2.23938107 VUDS-J100041.52+021421.7 5156 2.1451 1 24.012 3 358542000 152892000 579366000 9.59261 9.44006 9.71238 1.19044 1.06613 1.44258 -8.41214 -8.58766 -8.03653 -21.719 23.405 0.103 2.1451 150.17301941 2.23938107 1
5101001924 150.18812561 2.23971701 VUDS-J100045.15+021422.9 5165 1.1550 3 24.392 2 856302000 467118000 1396940000 9.00041 8.8961 9.10381 0.22725 0.08023 0.384711 -8.7777 -8.97872 -8.54585 -19.729 23.988 0.157 1.155 150.18812561 2.23971701 3
5101002019 150.20021057 2.23903608 VUDS-J100048.05+021420.5 5099 4.0714 1 24.569 5 304167000 123378000 706870000 10.2119 10.0336 10.3828 1.94799 1.70504 2.21525 -8.24195 -8.6337 -7.90418 -23.703 23.784 0.13 4.0714 150.20021057 2.23903608 1
5101002040 150.17720032 2.23910189 VUDS-J100042.52+021420.7 5102 3.1590 3 24.966 1 602562000 267993000 1267500000 10.0893 9.91713 10.2301 1.47103 1.23748 1.7288 -8.6299 -8.96939 -8.21603 -22.408 23.62 0.136 3.159 150.17720032 2.23910189 3
5101002088 150.19245911 2.23661304 VUDS-J100046.19+021411.8 4859 3.0874 1 24.556 5 722426000 340978000 1323210000 9.9217 9.75743 10.0516 1.21709 1.03958 1.4368 -8.7065 -8.982 -8.35838 -21.998 23.72 0.125 3.0874 150.19245911 2.23661304 1
5101002091 150.19056702 2.23656201 VUDS-J100045.73+021411.6 4865 3.3212 2 24.107 13 217329000 93080500 437248000 9.36618 9.07099 9.5723 1.21325 1.06511 1.44566 -8.12541 -8.44706 -7.64753 -21.578 24.346 0.223 3.3212 150.19056702 2.23656201 2
5101002097 150.19378662 2.23651195 VUDS-J100046.50+021411.4 5077 0.0000 24 19.345 4 -99.0 -99.0 -99.0 -99.0 -99.0 -99.0 -99.0 -99.0 -99.0 -99.0 -99.0 -99.0 18.384 18.384 0.0010 0.0 150.19378662 2.23651195 24
5101002120 150.14956665 2.23819208 VUDS-J100035.89+021417.4 5043 2.0980 1 24.972 1 288213000 130731000 545871000 9.52294 9.38984 9.6495 1.17585 0.990088 1.49368 -8.36234 -8.61757 -7.96056 -21.608 23.863 0.135 2.098 150.14956665 2.23819208 1
5101002365 150.20195007 2.23722291 VUDS-J100048.46+021414.0 4976 1.2436 4 23.603 11 1599400000 1263380000 2460500000 10.2966 10.2441 10.3577 1.28449 1.20448 1.36838 -9.02857 -9.14757 -8.93006 -22.664 21.531 0.02 1.2436 150.20195007 2.23722291 4
5101002470 150.18252563 2.2359271 VUDS-J100043.80+021409.3 4866 2.1908 22 23.690 1 242579000 168209000 387110000 10.3934 10.3228 10.5373 1.82416 1.50943 1.93058 -8.61046 -9.06537 -8.51419 -23.566 22.079 0.028 2.1908 150.18252563 2.2359271 22
5101019304 150.19673157 2.29264092 VUDS-J100047.21+021733.5 9450 2.1328 2 24.653 2 562888000 289823000 1281390000 10.0142 9.87245 10.1333 1.41233 1.14539 1.6025 -8.60751 -8.96201 -8.28795 -22.399 23.152 0.084 2.1328 150.19673157 2.29264092 2
5101221959 150.18200684 2.45766497 VUDS-J100043.67+022727.5 22782 0.7457 3 23.906 11 494989000 301755000 877936000 8.63761 8.55068 8.72788 0.147079 -0.000897224 0.34908 -8.49177 -8.71506 -8.2234 -18.95 24.214 0.247 0.7457 150.18200684 2.45766497 3
5101224037 150.19776917 2.44340301 VUDS-J100047.46+022636.2 21746 3.2905 2 23.9 11 50119300 46344900 54201100 9.39967 9.36544 9.4339 2.08191 2.01344 2.16099 -7.30002 -7.36803 -7.232 -21.44 23.296 0.093 3.2905 150.19776917 2.44340301 2
5101224872 150.15127563 2.4380331 VUDS-J100036.30+022616.9 21370 0.4754 4 24.191 2 906757000 444583000 1762660000 8.2718 8.18185 8.36263 -0.626568 -0.814123 -0.437878 -8.9147 -9.12677 -8.67519 -18.056 23.608 0.114 0.4754 150.15127563 2.4380331 4
5101225517 150.17532349 2.43214798 VUDS-J100042.07+022555.7 20918 1.9994 2 24.073 1 372301000 181633000 675018000 9.47314 9.33986 9.5939 1.10838 0.907823 1.26733 -8.37822 -8.63918 -8.10654 -21.523 23.949 0.141 1.9994 150.17532349 2.43214798 2
5101225909 150.173 2.42979 VUDS-J100041.60+022547.2 -99.9 2.9054 1 25.521 9 789763000 326566000 1493170000 9.40761 9.1262 9.60621 0.675714 0.536472 0.870508 -8.72094 -9.01405 -8.31178 -20.64 -99.9 -99.9 2.9054 150.173 2.42979 1
5101225910 150.17193604 2.42977905 VUDS-J100041.26+022547.2 20712 0.5848 29 25.276 2 53582600 47346500 126797000 7.81986 7.72003 7.91604 0.123202 -0.0135466 0.237856 -7.65653 -7.87745 -7.54323 -18.187 23.911 0.149 0.5848 150.17193604 2.42977905 29
5101225912 150.17271423 2.42967606 VUDS-J100041.45+022546.8 20715 2.2246 2 24.823 2 310318000 122894000 590597000 9.32068 9.11375 9.48513 1.01181 0.859278 1.22248 -8.30235 -8.58983 -7.92799 -21.055 24.264 0.197 2.2246 150.17271423 2.42967606 2
5101226001 150.18927002 2.42783308 VUDS-J100045.42+022540.1 20579 3.7327 3 24.923 5 720981000 345279000 1234700000 9.77366 9.58303 9.93025 1.10317 0.96439 1.2883 -8.67384 -8.9116 -8.3468 -21.564 24.102 0.177 3.7327 150.18927002 2.42783308 3
5101226251 150.15718079 2.42786694 VUDS-J100037.72+022540.3 20598 3.9888 3 24.321 5 668193000 364251000 1077100000 9.99252 9.84059 10.1256 1.35514 1.24089 1.50658 -8.63885 -8.83059 -8.38183 -22.326 23.628 0.124 3.9888 150.15718079 2.42786694 3
5101226708 150.18345642 2.42490411 VUDS-J100044.02+022529.6 20394 4.0300 2 24.914 5 298525000 129809000 596247000 10.0922 9.91163 10.2468 1.8251 1.62864 2.04126 -8.24658 -8.58652 -7.92401 -22.891 23.604 0.123 4.03 150.18345642 2.42490411 2
5101226863 150.18504333 2.41726494 VUDS-J100044.41+022502.1 19848 0.5074 4 24.037 2 809965000 393809000 1580750000 8.36655 8.26058 8.47262 -0.388393 -0.605015 -0.172804 -8.76054 -9.05205 -8.47469 -17.83 23.409 0.111 0.5074 150.18504333 2.41726494 4
5101227063 150.16122437 2.4225471 VUDS-J100038.69+022521.1 20233 0.8932 3 24.748 2 1037550000 470709000 2064690000 8.70529 8.57228 8.83913 -0.195783 -0.403189 0.0385037 -8.91966 -9.19342 -8.58287 -18.771 -99.9 -99.9 0.8932 150.16122437 2.4225471 3
5101227236 150.19154358 2.4211719 VUDS-J100045.96+022516.2 20141 0.9815 3 23.864 5 523532000 295581000 888044000 8.91858 8.81048 9.01656 0.386207 0.238665 0.567921 -8.5163 -8.76041 -8.26668 -19.848 23.65 0.132 0.9815 150.19154358 2.4211719 3
5101227238 150.191 2.42099 VUDS-J100045.75+022515.5 -99.9 4.6478 22 24.038 5 -99.0 -99.0 -99.0 -99.0 -99.0 -99.0 -99.0 -99.0 -99.0 -99.0 -99.0 -99.0 -23.085 23.497 0.099 4.6478 150.191 2.42099 22
5101227599 150.16659546 2.41860294 VUDS-J100039.98+022506.9 19912 2.5461 1 24.547 11 381763000 174887000 704610000 9.28202 9.07486 9.44692 0.913037 0.820501 1.01922 -8.36995 -8.59673 -8.0745 -20.68 24.443 0.231 2.5461 150.16659546 2.41860294 1
5101227822 150.17678833 2.41718102 VUDS-J100042.42+022501.8 19821 3.3814 2 24.959 11 52293100 46978800 109551000 9.11218 8.96678 9.20415 1.58998 1.41615 1.76724 -7.36475 -7.69513 -7.25272 -21.196 24.428 0.281 3.3814 150.17678833 2.41718102 2
5101227899 150.18702698 2.41693592 VUDS-J100044.88+022500.9 19816 2.5226 3 24.455 4 1828000000 1180060000 2221230000 10.156 10.0694 10.2349 1.00994 0.923527 1.09318 -9.16046 -9.28203 -9.01664 -22.315 23.24 0.092 2.5226 150.18702698 2.41693592 3
5101227933 150.16807556 2.41213489 VUDS-J100040.33+022443.6 19389 5.5828 9 24.975 11 161761000 53584500 393123000 9.24295 8.93013 9.52415 1.2482 1.13906 1.42822 -7.97565 -8.31697 -7.59655 -21.066 24.728 0.3 5.5828 150.16807556 2.41213489 9
5101227985 150.14750671 2.41534495 VUDS-J100035.40+022455.2 19656 2.4286 3 24.337 7 1808820000 1130710000 2371310000 10.0868 9.98022 10.1748 0.971679 0.845021 1.13024 -9.10953 -9.28045 -8.90943 -22.318 23.548 0.102 2.4286 150.14750671 2.41534495 3
5101227996 150.14587402 2.41253209 VUDS-J100035.00+022445.1 19438 2.1925 2 23.033 1 344633000 176659000 687549000 9.73765 9.61003 9.86312 1.36811 1.17594 1.52381 -8.35933 -8.66593 -8.0931 -22.023 23.037 0.064 2.1925 150.14587402 2.41253209 2
5101228008 150.17956543 2.4161489 VUDS-J100043.09+022458.1 19723 3.7577 2 24.079 8 1244780000 806370000 1541700000 9.92536 9.74689 10.0344 1.00559 0.933797 1.07697 -8.91223 -9.047 -8.71026 -22.249 24.763 0.311 3.7577 150.17956543 2.4161489 2
5101228314 150.18191528 2.41369796 VUDS-J100043.65+022449.3 19516 0.9010 9 24.771 13 601574000 171541000 2234030000 8.69382 8.48173 8.92714 0.0984273 -0.291074 0.437143 -8.58114 -9.19006 -8.08247 -20.144 24.885 0.349 0.901 150.18191528 2.41369796 9
5101228764 150.19602966 2.41233301 VUDS-J100047.04+022444.3 19426 3.1618 3 24.321 1 329755000 139557000 694590000 10.0088 9.85748 10.1489 1.66533 1.43741 1.95329 -8.34549 -8.67252 -7.95601 -22.455 23.354 0.086 3.1618 150.19602966 2.41233301 3
5101228787 150.15879822 2.41090798 VUDS-J100038.11+022439.2 19351 2.6592 3 23.896 13 951715000 531312000 1522040000 10.7894 10.6925 10.8791 2.03972 1.91992 2.15752 -8.77107 -8.95935 -8.55035 -24.27 22.195 0.037 2.6592 150.15879822 2.41090798 3
5101228820 150.19421387 2.41098905 VUDS-J100046.61+022439.5 19322 0.0984 3 24.279 10 1688100000 791620000 3729860000 7.02904 7.00929 7.15047 -2.26022 -2.60354 -1.983 -9.19945 -9.58688 -8.88492 -13.764 24.285 0.206 0.0984 150.19421387 2.41098905 3
5101229197 150.16371155 2.40589499 VUDS-J100039.29+022421.2 18884 3.5058 2 24.886 3 1307020000 883441000 1581480000 10.2028 10.084 10.3156 1.03018 0.679632 1.26866 -9.19051 -9.52919 -8.91282 -22.827 24.266 0.196 3.5058 150.16371155 2.40589499 2
5101229289 150.19984436 2.40553498 VUDS-J100047.96+022419.9 18832 2.9666 2 24.088 5 413678000 168030000 860949000 9.5289 9.33187 9.70096 1.08312 0.917675 1.32776 -8.43291 -8.73772 -8.04979 -21.563 24.571 0.262 2.9666 150.19984436 2.40553498 2
5101232355 150.18969727 2.38568592 VUDS-J100045.52+022308.4 17264 4.2685 4 24.17 11 370409000 165822000 709324000 10.3271 10.1763 10.4696 1.95189 1.8152 2.17272 -8.37957 -8.62014 -8.03457 -23.462 23.147 0.077 4.2685 150.18969727 2.38568592 4
5101232362 150.17326355 2.38510489 VUDS-J100041.58+022306.3 17226 2.0818 2 24.334 1 318007000 213390000 594673000 9.96934 9.85603 10.048 1.45742 0.877521 1.66889 -8.54012 -9.13864 -8.21228 -22.27 22.916 0.065 2.0818 150.17326355 2.38510489 2
5101232797 150.1423645 2.38260198 VUDS-J100034.16+022257.3 16997 2.7143 2 24.824 10 174401000 97321500 382217000 9.20562 9.00978 9.38896 1.1243 1.00226 1.33744 -8.06996 -8.35061 -7.69467 -20.853 -99.9 -99.9 2.7143 150.1423645 2.38260198 2
5101233078 150.19169617 2.37993407 VUDS-J100046.00+022247.7 16788 2.6855 3 24.762 5 685870000 350592000 1224820000 9.65014 9.48103 9.78989 0.988583 0.845948 1.15239 -8.66452 -8.89497 -8.38372 -21.381 23.961 0.148 2.6855 150.19169617 2.37993407 3
5101233392 150.14395142 2.37385392 VUDS-J100034.54+022225.8 16301 0.9375 4 24.035 2 826571000 434062000 1460380000 9.1674 9.07607 9.24899 0.3774 0.162036 0.534795 -8.80723 -9.06482 -8.57315 -19.971 23.118 0.081 0.9375 150.14395142 2.37385392 4
5101233433 150.18684387 2.3791101 VUDS-J100044.84+022244.7 16703 3.7403 4 24.244 10 292067000 125508000 558188000 9.905 9.74054 10.0555 1.65884 1.45993 1.89898 -8.22856 -8.55152 -7.90844 -22.442 23.659 0.144 3.7403 150.18684387 2.3791101 4
5101233444 150.15748596 2.3790741 VUDS-J100037.79+022244.6 16709 2.1102 2 24.984 5 1080820000 588553000 1803360000 9.33874 9.16922 9.4737 0.490812 0.364897 0.599699 -8.84239 -9.06826 -8.6041 -20.522 24.374 0.216 2.1102 150.15748596 2.3790741 2
5101233539 150.18009949 2.37834096 VUDS-J100043.22+022242.0 16657 4.9077 4 24.663 2 709969000 356158000 1019690000 10.5337 10.3595 10.6703 1.8142 1.53928 2.05344 -8.72696 -9.06065 -8.3819 -23.683 23.843 0.133 4.9077 150.18009949 2.37834096 4
5101233584 150.18501282 2.37743306 VUDS-J100044.40+022238.7 16640 2.1677 3 23.836 3 822342000 362245000 1540610000 10.2696 10.1598 10.3635 1.39248 1.26424 1.77851 -8.90694 -9.06425 -8.41912 -22.849 22.454 0.045 2.1677 150.18501282 2.37743306 3
5101233724 150.17739868 2.37523007 VUDS-J100042.57+022230.8 16397 4.3862 4 24.713 8 450824000 175700000 867680000 9.66954 9.4532 9.84453 1.21054 1.05221 1.43321 -8.45915 -8.74038 -8.06891 -22.328 24.141 0.174 4.3862 150.17739868 2.37523007 4
5101234049 150.16836548 2.37416506 VUDS-J100040.40+022226.9 16310 2.9958 2 24.982 3 1696030000 1317510000 1977090000 10.1755 10.0577 10.2887 0.969222 0.792 1.09957 -9.16984 -9.45152 -9.02107 -22.866 24.447 0.243 2.9958 150.16836548 2.37416506 2
5101234193 150.201828 2.37354207 VUDS-J100048.43+022224.7 16303 3.4751 4 24.24 11 298993000 113771000 602106000 10.3708 10.2065 10.4898 2.08696 1.86155 2.36076 -8.2659 -8.57873 -7.94775 -23.561 22.654 0.054 3.4751 150.201828 2.37354207 4
5101234399 150.14602661 2.37193799 VUDS-J100035.04+022218.9 16102 3.2538 2 24.155 4 166168000 96754200 345743000 9.86051 9.71459 10.014 1.82671 1.65401 1.95633 -8.0307 -8.33733 -7.76541 -22.973 23.733 0.12 3.2538 150.14602661 2.37193799 2
5101234494 150.19413757 2.37226892 VUDS-J100046.59+022220.1 16165 4.6031 39 24.324 2 856701000 752674000 1077430000 10.7504 10.6753 10.842 1.33733 1.244 1.58916 -9.39304 -9.58208 -9.09271 -23.866 23.115 0.086 4.6031 150.19413757 2.37226892 39
5101234596 150.15977478 2.37122989 VUDS-J100038.34+022216.4 16064 2.4562 3 23.854 1 183254000 127802000 348885000 9.93401 9.84257 10.0376 1.79919 1.67572 1.95604 -8.13553 -8.34421 -7.92853 -22.689 22.684 0.056 2.4562 150.15977478 2.37122989 3
5101235245 150.18377686 2.36775494 VUDS-J100044.10+022203.9 15788 3.2758 9 23.996 2 1030750000 935653000 1116040000 11.2501 11.216 11.2842 1.46475 1.31942 1.55949 -9.73524 -9.88059 -9.64139 -25.006 21.834 0.021 3.2758 150.18377686 2.36775494 9
5101235246 150.184 2.36758 VUDS-J100044.06+022203.2 -99.9 3.5770 21 24.812 2 1112210000 998588000 1337880000 10.8281 10.7765 10.9398 0.993151 0.846136 1.31561 -9.82393 -9.97123 -9.58323 -24.525 22.926 0.057 3.577 150.184 2.36758 21
5101235293 150.14762878 2.36718607 VUDS-J100035.43+022201.8 15699 2.4520 4 23.786 13 790727000 517991000 1287490000 10.1001 9.99082 10.1984 1.3973 1.32662 1.46784 -8.66811 -8.79006 -8.54427 -22.93 22.94 0.067 2.452 150.14762878 2.36718607 4
5101235492 150.16119385 2.36541104 VUDS-J100038.68+022155.4 15543 2.6015 1 24.79 10 175447000 98923900 378363000 9.12209 8.94328 9.28923 1.04921 0.863603 1.1959 -8.06972 -8.38001 -7.71794 -20.524 24.602 0.294 2.6015 150.16119385 2.36541104 1
5101235539 150.19587708 2.36534905 VUDS-J100047.00+022155.2 15567 2.8586 1 24.623 10 53335800 47276600 121342000 9.11751 8.98587 9.23407 1.57153 1.40771 1.71062 -7.39921 -7.74749 -7.26375 -21.07 24.129 0.173 2.8586 150.19587708 2.36534905 1
5101235549 150.16419983 2.36540294 VUDS-J100039.40+022155.4 15576 2.4571 3 24.326 10 143131000 52493600 294967000 9.70186 9.49982 9.84111 1.76414 1.52485 1.92562 -7.95343 -8.28711 -7.60011 -22.08 23.111 0.081 2.4571 150.16419983 2.36540294 3
5101236017 150.17338562 2.35804296 VUDS-J100041.61+022128.9 14902 0.6238 3 24.997 12 105294000 49173900 237024000 7.68098 7.52731 7.82795 -0.143101 -0.415271 0.0582533 -7.78065 -8.15873 -7.56337 -18.64 24.697 0.276 0.6238 150.17338562 2.35804296 3
5101236096 150.16656494 2.36196995 VUDS-J100039.97+022143.0 15286 2.6680 1 24.423 11 55020000 47749200 120074000 10.3051 10.2474 10.3618 2.67652 2.56842 2.99357 -7.57136 -7.6892 -7.2937 -23.593 22.057 0.03 2.668 150.16656494 2.36196995 1
5101236151 150.16340637 2.36029696 VUDS-J100039.21+022137.0 15130 2.8221 3 23.822 13 323002000 172335000 571826000 9.90165 9.76746 10.0108 1.56749 1.4244 1.72005 -8.33912 -8.53945 -8.08294 -22.587 23.512 0.095 2.8221 150.16340637 2.36029696 3
5101236189 150.19293213 2.36124897 VUDS-J100046.30+022140.4 15184 2.6419 1 24.821 3 1530440000 911728000 2106660000 9.82386 9.70283 9.92653 0.755982 0.609719 0.89156 -9.0803 -9.25334 -8.87882 -21.546 23.977 0.146 2.6419 150.19293213 2.36124897 1
5101236265 150.17001343 2.36076903 VUDS-J100040.80+022138.7 15169 2.4626 2 25.0 1 553447000 296883000 1117540000 10.0046 9.8591 10.1321 1.44131 1.23065 1.60463 -8.57275 -8.88436 -8.27118 -22.32 23.261 0.083 2.4626 150.17001343 2.36076903 2
5101236306 150.197 2.35971 VUDS-J100047.30+022134.9 33991 2.5729 22 26.419 11 530211000 165289000 1441970000 9.41697 8.95417 9.88439 0.866839 0.614233 1.15412 -8.55671 -9.04184 -8.03985 -21.149 -99.9 -99.9 2.5729 150.197 2.35971 22
5101236710 150.17173767 2.35718703 VUDS-J100041.21+022125.8 14836 0.3209 4 24.34 11 959496000 448848000 1986290000 7.96493 7.83575 8.09091 -0.836649 -1.08649 -0.6155 -8.80052 -9.12662 -8.49918 -16.554 24.019 0.19 0.3209 150.17173767 2.35718703 4
5101236802 150.19154358 2.35714006 VUDS-J100045.97+022125.7 14868 0.3408 3 24.243 10 2336700000 852030000 6079650000 8.21812 8.07499 8.38365 -1.17188 -1.44231 -0.862995 -9.40546 -9.75844 -9.01367 -17.073 23.645 0.134 0.3408 150.19154358 2.35714006 3
5101236815 150.15621948 2.35590005 VUDS-J100037.49+022121.2 14771 2.6012 1 24.179 13 460722000 322929000 851519000 10.3988 10.3159 10.4925 1.88532 1.8025 1.96848 -8.50238 -8.67467 -8.3822 -23.577 22.834 0.05 2.6012 150.15621948 2.35590005 1
5101236872 150.15214539 2.35679889 VUDS-J100036.51+022124.4 14820 2.2909 1 24.628 13 1301550000 859576000 1955840000 9.73643 9.61615 9.84434 0.80135 0.715241 0.88214 -8.92815 -9.0825 -8.76474 -21.489 23.664 0.116 2.2909 150.15214539 2.35679889 1
5101236893 150.20083618 2.35633993 VUDS-J100048.20+022122.8 14797 0.7278 3 24.174 13 141507000 50960500 284634000 9.01748 8.83204 9.12189 1.02046 0.908396 1.44339 -8.03175 -8.17091 -7.31961 -20.73 22.442 0.042 0.7278 150.20083618 2.35633993 3
5101236942 150.16723633 2.35573602 VUDS-J100040.13+022120.6 14782 1.2613 1 23.948 6 3397040000 2000200000 4232770000 10.4256 10.3054 10.4911 0.988835 0.877599 1.21158 -9.46407 -9.58778 -9.08754 -22.82 21.865 0.021 1.2613 150.16723633 2.35573602 1
5101237150 150.17503357 2.35366797 VUDS-J100042.00+022113.2 14583 1.4380 3 24.151 1 616503000 326126000 975155000 9.61557 9.51819 9.69594 0.961337 0.836181 1.09621 -8.66733 -8.81821 -8.43948 -21.318 22.882 0.065 1.438 150.17503357 2.35366797 3
5101237678 150.15788269 2.34730196 VUDS-J100037.89+022050.2 13991 0.0000 4 23.625 5 1420870000 284326000 7114150000 7.14112 7.02241 7.30924 -2.74693 -3.02808 -2.43931 -9.02162 -9.95366 -8.27188 23.072 23.072 0.073 0.0 150.15788269 2.34730196 4
5101237723 150.16078186 2.34923792 VUDS-J100038.58+022057.2 14168 2.3068 2 24.876 9 372578000 144002000 994093000 9.77548 9.57305 9.9484 1.37975 1.10335 1.61825 -8.38971 -8.80962 -7.99164 -22.304 23.504 0.104 2.3068 150.16078186 2.34923792 2
5101238475 150.19841003 2.34281111 VUDS-J100047.61+022034.1 13718 6.0600 9 24.936 12 -99.0 -99.0 -99.0 -99.0 -99.0 -99.0 3.60161 3.50082 3.70168 -99.0 -99.0 -99.0 -26.28 22.142 0.029 6.06 150.19841003 2.34281111 9
5101238946 150.14840698 2.33748889 VUDS-J100035.61+022014.9 13174 1.1891 1 24.07 11 173061000 92744000 331431000 9.34997 9.21974 9.44854 1.27878 1.16476 1.64768 -8.07826 -8.20826 -7.54676 -20.659 22.756 0.058 1.1891 150.14840698 2.33748889 1
5101239099 150.20385742 2.33874202 VUDS-J100048.92+022019.4 13264 0.3480 4 24.577 1 1014760000 440525000 2223120000 7.95999 7.82291 8.097 -0.899959 -1.17368 -0.641287 -8.85711 -9.20729 -8.52798 -17.819 -99.9 -99.9 0.348 150.20385742 2.33874202 4
5101239530 150.15371704 2.33701611 VUDS-J100036.89+022013.2 13099 2.4408 2 24.518 1 54721100 47666100 128459000 9.38971 9.32288 9.57592 1.71879 1.63842 1.78929 -7.65686 -7.86572 -7.53194 -21.413 24.358 0.254 2.4408 150.15371704 2.33701611 2
5101239631 150.16572571 2.33618212 VUDS-J100039.77+022010.2 13048 2.8777 1 24.951 8 433678000 150157000 1153620000 9.88874 9.46924 10.2998 1.42844 1.19924 1.66743 -8.46985 -8.91484 -8.0006 -21.26 -99.9 -99.9 2.8777 150.16572571 2.33618212 1
5101240553 150.17929077 2.32869196 VUDS-J100043.02+021943.2 12480 2.5585 3 24.051 11 362140000 195821000 529196000 9.6984 9.573 9.81545 1.35582 1.24753 1.49389 -8.3585 -8.55116 -8.08771 -21.679 23.379 0.091 2.5585 150.17929077 2.32869196 3
5101240563 150.18836975 2.32918906 VUDS-J100045.20+021945.0 12533 2.2879 3 24.324 1 252770000 125059000 426650000 9.64476 9.48445 9.77523 1.35608 1.10556 1.58106 -8.28155 -8.6278 -7.92918 -21.7 23.362 0.105 2.2879 150.18836975 2.32918906 3
5101241758 150.18347168 2.32048893 VUDS-J100044.03+021913.7 11861 2.8187 1 24.664 11 151479000 53897500 334642000 9.32699 9.08353 9.54815 1.35192 1.16704 1.51131 -7.98275 -8.29504 -7.61222 -20.445 24.847 0.347 2.8187 150.18347168 2.32048893 1
5101242054 150.17501831 2.31498098 VUDS-J100042.00+021853.9 11391 1.0440 4 23.844 5 488742000 311829000 857540000 9.07669 8.99536 9.16426 0.548927 0.393224 0.681462 -8.54611 -8.77024 -8.3223 -20.194 23.73 0.123 1.044 150.17501831 2.31498098 4
5101242274 150.19108582 2.317981 VUDS-J100045.86+021904.7 11634 4.3771 4 24.301 12 166043000 90484600 379519000 9.95027 9.78451 10.1237 1.91187 1.70122 2.13557 -8.0367 -8.38148 -7.65399 -23.176 23.783 0.158 4.3771 150.19108582 2.317981 4
5101242332 150.20050049 2.31603503 VUDS-J100048.11+021857.7 11456 2.8625 3 24.846 5 1222640000 720991000 1724010000 9.97289 9.8557 10.0695 1.0477 0.920568 1.1737 -8.93976 -9.0998 -8.73867 -22.03 23.585 0.118 2.8625 150.20050049 2.31603503 3
5101242475 150.15046692 2.31660008 VUDS-J100036.11+021859.7 11518 2.2758 2 24.636 13 501935000 224968000 970068000 9.52221 9.3253 9.68421 0.993414 0.853124 1.17891 -8.5435 -8.78334 -8.1731 -21.583 24.063 0.184 2.2758 150.15046692 2.31660008 2
5101242482 150.14906311 2.31679392 VUDS-J100035.77+021900.4 11545 0.3551 24 22.851 1 724793000 246106000 1233390000 8.44586 8.36599 8.51467 -0.408476 -0.515951 -0.30161 -8.84381 -8.98062 -8.72772 -18.885 22.3 0.038 0.3551 150.14906311 2.31679392 24
5101242525 150.16952515 2.3131671 VUDS-J100040.68+021847.4 11183 1.0450 22 24.884 3 762802000 339921000 1641720000 9.06101 8.91396 9.18984 0.341068 0.116546 0.58229 -8.71936 -9.05148 -8.36583 -20.084 23.859 0.137 1.045 150.16952515 2.3131671 22
5101242689 150.15608215 2.31531596 VUDS-J100037.45+021855.1 11372 2.5485 21 25.723 10 1844980000 1290150000 2226860000 9.52993 9.40114 9.64011 0.384168 0.293279 0.492014 -9.14244 -9.27141 -8.98932 -20.507 24.042 0.159 2.5485 150.15608215 2.31531596 21
5101243094 150.19299316 2.31307101 VUDS-J100046.32+021847.0 11186 2.6113 2 23.909 3 1618000000 1153630000 1990540000 10.2762 10.2034 10.3602 1.2004 1.13175 1.2694 -9.07409 -9.17008 -8.97951 -22.625 23.068 0.079 2.6113 150.19299316 2.31307101 2
5101243705 150.1519928 2.30920005 VUDS-J100036.47+021833.1 10859 1.0962 2 24.697 5 295943000 147915000 516324000 8.46409 8.32833 8.59131 0.237502 0.0740647 0.430132 -8.20497 -8.48959 -7.94628 -18.655 -99.9 -99.9 1.0962 150.1519928 2.30920005 2
5101244632 150.17764282 2.30321193 VUDS-J100042.63+021811.5 10353 4.5881 2 24.312 8 295718000 119904000 610869000 10.1065 9.91776 10.2737 1.83304 1.63143 2.08196 -8.24831 -8.59634 -7.87977 -23.005 23.703 0.117 4.5881 150.17764282 2.30321193 2
5101244930 150.19859314 2.30064392 VUDS-J100047.66+021802.3 10102 4.5769 4 24.059 11 424027000 169163000 831075000 9.804 9.58027 9.98873 1.38899 1.2131 1.59296 -8.42476 -8.70545 -8.04997 -22.418 24.354 0.22 4.5769 150.19859314 2.30064392 4
5101245800 150.15736389 2.29496408 VUDS-J100037.76+021741.8 9617 0.6850 4 24.375 12 248341000 113728000 526997000 8.54592 8.40384 8.65775 0.333779 0.133927 0.491855 -8.19169 -8.48694 -7.93459 -19.463 23.568 0.127 0.685 150.15736389 2.29496408 4
5101246128 150.16387939 2.45945907 VUDS-J100039.33+022734.0 22880 2.3319 1 24.998 9 226450000 95552700 707198000 9.3673 9.03246 9.75957 1.19944 0.99989 1.41226 -8.14598 -8.64301 -7.69036 -21.082 -99.9 -99.9 2.3319 150.16387939 2.45945907 1
5101246175 150.16311646 2.45943594 VUDS-J100039.14+022733.9 22868 3.7094 29 26.746 11 393792000 126178000 1028650000 8.9782 8.47197 9.47037 0.560219 0.330508 0.908874 -8.38827 -8.83208 -7.90355 -17.962 -99.9 -99.9 3.7094 150.16311646 2.45943594 29
5101246199 150.14857483 2.45809293 VUDS-J100035.65+022729.1 22830 1.1295 24 23.151 1 173468000 106064000 356546000 9.74822 9.70041 9.82275 1.71025 1.3212 1.83542 -8.04728 -8.51098 -7.90201 -22.071 21.804 0.027 1.1295 150.14857483 2.45809293 24
5101246200 150.14918518 2.4581871 VUDS-J100035.80+022729.4 22781 3.3985 2 24.875 5 311527000 141453000 594038000 9.47563 9.28198 9.64694 1.18931 1.02583 1.38037 -8.27822 -8.57374 -7.96095 -21.551 24.282 0.209 3.3985 150.14918518 2.4581871 2
5101442062 150.14564514 2.45970297 VUDS-J100034.95+022734.9 22909 0.2477 4 24.215 3 791212000 355226000 1667650000 7.47666 7.35388 7.5963 -1.24509 -1.49395 -0.978376 -8.7216 -9.04656 -8.38275 -15.883 24.136 0.216 0.2477 150.14564514 2.45970297 4
5101452699 150.17962646 2.55701303 VUDS-J100043.11+023325.2 28900 2.3100 32 24.477 2 313392000 139443000 563147000 9.56457 9.40316 9.69301 1.24136 1.12068 1.47062 -8.32414 -8.54681 -7.98533 -21.608 23.547 0.129 2.31 150.17962646 2.55701303 32
5101452988 150.18293762 2.55516195 VUDS-J100043.90+023318.5 28996 2.2340 4 23.11 1 173506000 148637000 343144000 10.0682 9.99911 10.1254 1.8543 1.60426 1.96539 -8.17389 -8.50133 -8.0431 -22.759 21.988 0.028 2.234 150.18293762 2.55516195 4
5101453287 150.17778015 2.55310512 VUDS-J100042.66+023311.1 28408 2.9311 4 24.786 5 1209530000 706885000 1710620000 9.90607 9.76895 10.0234 1.00526 0.914438 1.13349 -8.91068 -9.07416 -8.68446 -21.814 23.754 0.158 2.9311 150.17778015 2.55310512 4
5101453329 150.14610291 2.55292702 VUDS-J100035.06+023310.5 28761 3.4140 3 24.792 11 178013000 96911700 389265000 9.64398 9.47038 9.81207 1.55961 1.37209 1.75577 -8.0791 -8.38715 -7.69471 -21.733 23.86 0.157 3.414 150.14610291 2.55292702 3
5101453709 150.16226196 2.5494411 VUDS-J100038.94+023257.9 28784 2.2832 2 24.845 4 457686000 173004000 1043430000 9.68398 9.4892 9.84378 1.20236 0.963275 1.44354 -8.49274 -8.8446 -8.0764 -21.782 23.706 0.145 2.2832 150.16226196 2.5494411 2
5101453973 150.18763733 2.54787707 VUDS-J100045.03+023252.3 28515 2.6130 1 24.898 1 428221000 146474000 1202410000 9.50041 9.12477 9.90004 1.0504 0.84594 1.27272 -8.4605 -8.92518 -7.98907 -21.069 -99.9 -99.9 2.613 150.18763733 2.54787707 1
5101454003 150.16633606 2.54274392 VUDS-J100039.91+023233.8 28670 3.0919 2 24.175 5 905787000 513973000 1378530000 10.3114 10.2042 10.4015 1.51804 1.42454 1.65545 -8.79446 -8.94257 -8.5844 -23.033 23.131 0.079 3.0919 150.16633606 2.54274392 2
5101454346 150.19970703 2.54534698 VUDS-J100047.92+023243.2 28886 3.9900 3 24.34 5 447084000 183768000 854061000 9.69926 9.47073 9.88922 1.2651 1.12483 1.43947 -8.43342 -8.69966 -8.08049 -21.967 -99.9 -99.9 3.99 150.19970703 2.54534698 3
5101454533 150.18431091 2.54348397 VUDS-J100044.23+023236.5 28540 2.7597 3 23.942 1 101984000 49187800 171467000 9.42922 9.30096 9.58439 1.66989 1.57532 1.77951 -7.72871 -7.97676 -7.55644 -22.029 23.751 0.149 2.7597 150.18431091 2.54348397 3
5101454586 150.19822693 2.54353094 VUDS-J100047.57+023236.7 28516 2.2480 1 24.817 5 425488000 198346000 735234000 9.606 9.45189 9.73601 1.17381 1.0366 1.34423 -8.42829 -8.66328 -8.12799 -21.431 23.476 0.117 2.248 150.19822693 2.54353094 1
5101454897 150.16435242 2.54133105 VUDS-J100039.44+023228.7 28314 2.3413 21 23.772 11 50121700 46345600 54205500 9.10005 9.06601 9.13408 1.76139 1.68279 1.84789 -7.3001 -7.36817 -7.23203 -20.593 23.648 0.11 2.3413 150.16435242 2.54133105 21
5101454898 150.16403198 2.54132295 VUDS-J100039.36+023228.7 28343 0.6905 4 24.415 5 368653000 164440000 727815000 8.20801 8.0761 8.32578 -0.171709 -0.377584 0.0830311 -8.38296 -8.6835 -8.01875 -18.201 -99.9 -99.9 0.6905 150.16403198 2.54132295 4
5101455135 150.17459106 2.5405829 VUDS-J100041.90+023226.0 28220 1.2647 9 23.609 13 577131000 306289000 1057990000 9.94702 9.83243 10.0299 1.32672 1.22805 1.65159 -8.61001 -8.7292 -8.15553 -22.341 21.898 0.026 1.2647 150.17459106 2.5405829 9
5101455236 150.14929199 2.54051089 VUDS-J100035.82+023225.8 28271 0.5347 2 24.922 11 690321000 282695000 1791310000 8.10217 7.93657 8.26214 -0.55704 -0.855413 -0.27511 -8.65628 -9.08218 -8.23418 -17.367 24.273 0.229 0.5347 150.14929199 2.54051089 2
5101455396 150.16841125 2.53894806 VUDS-J100040.41+023220.2 28081 1.3234 22 23.115 2 2137140000 1948260000 2361510000 11.0308 10.9834 11.0789 -0.434892 -0.554086 -0.0737944 -11.5325 -11.6464 -11.0793 -23.987 20.201 0.0060 1.3234 150.16841125 2.53894806 22
5101455698 150.18057251 2.53587294 VUDS-J100043.33+023209.1 27921 0.8950 23 23.521 13 268466000 150713000 423585000 9.18875 9.11357 9.28459 0.996809 0.851857 1.09467 -8.15742 -8.43085 -8.04199 -21.038 22.565 0.046 0.895 150.18057251 2.53587294 23
5101455699 150.1809845 2.53591299 VUDS-J100043.43+023209.2 27963 0.8974 3 24.339 10 1030670000 325083000 2980010000 8.87875 8.69999 9.07809 0.0700138 -0.231896 0.405906 -8.80935 -9.30736 -8.28837 -19.345 23.602 0.078 0.8974 150.1809845 2.53591299 3
5101455804 150.15777588 2.53596306 VUDS-J100037.86+023209.4 27923 3.2160 2 24.291 13 172699000 54597700 419729000 10.0488 9.8335 10.2284 2.02686 1.87889 2.21011 -8.04008 -8.34749 -7.62887 -23.348 22.984 0.065 3.216 150.15777588 2.53596306 2
5101463139 150.19769287 2.48577189 VUDS-J100047.44+022908.7 24663 2.4583 3 24.197 11 659874000 396815000 1410600000 10.3652 10.2554 10.4608 1.73434 1.47999 1.88217 -8.63939 -8.97717 -8.40174 -22.992 22.513 0.048 2.4583 150.19769287 2.48577189 3
5101463422 150.15193176 2.48395109 VUDS-J100036.46+022902.2 24485 3.2835 2 24.958 13 137141000 51862100 321022000 9.10877 8.88893 9.32832 1.17611 1.0091 1.41101 -7.93231 -8.26249 -7.55854 -20.533 24.381 0.283 3.2835 150.15193176 2.48395109 2
5101463685 150.18037415 2.48320603 VUDS-J100043.28+022859.5 24467 2.3060 1 24.548 8 1290710000 789959000 1928730000 9.86912 9.75865 9.96811 0.932842 0.81127 1.05677 -8.95333 -9.10875 -8.75768 -21.653 23.534 0.108 2.306 150.18037415 2.48320603 1
5101463868 150.16090393 2.48098707 VUDS-J100038.61+022851.5 24285 0.6941 3 24.385 10 559826000 205320000 1332150000 8.72091 8.57325 8.84964 0.136947 -0.123227 0.45277 -8.59765 -8.95337 -8.12294 -18.966 23.398 0.12 0.6941 150.16090393 2.48098707 3
5101464099 150.20315552 2.47861004 VUDS-J100048.75+022842.9 24100 2.1679 2 24.932 12 350025000 128171000 857923000 9.34526 9.12774 9.5432 1.00212 0.762568 1.25096 -8.33965 -8.73275 -7.93246 -21.285 23.915 0.17 2.1679 150.20315552 2.47861004 2
5101464237 150.18336487 2.47832704 VUDS-J100044.00+022841.9 24097 4.0827 39 24.168 11 -99.0 -99.0 -99.0 -99.0 -99.0 -99.0 -99.0 -99.0 -99.0 -99.0 -99.0 -99.0 -22.366 23.728 0.155 4.0827 150.18336487 2.47832704 39
5101465151 150.1725769 2.47148705 VUDS-J100041.41+022817.3 23677 3.7088 3 24.726 10 233950000 107903000 501804000 9.74686 9.56557 9.91199 1.5604 1.36537 1.78446 -8.15904 -8.5021 -7.80222 -22.213 -99.9 -99.9 3.7088 150.1725769 2.47148705 3
5101465838 150.1572876 2.46685195 VUDS-J100037.74+022800.6 23366 1.1292 4 24.321 5 776104000 434578000 1355160000 9.12464 9.03297 9.21821 0.403899 0.251334 0.583014 -8.72533 -8.92767 -8.48568 -19.855 23.173 0.093 1.1292 150.1572876 2.46685195 4
5101465882 150.18840027 2.46574497 VUDS-J100045.21+022756.6 23298 2.1191 3 24.34 1 169077000 102410000 333300000 9.16253 8.99918 9.28997 1.08626 0.976228 1.20243 -8.06151 -8.27498 -7.81587 -20.712 24.2 0.233 2.1191 150.18840027 2.46574497 3
5101465883 150.18807983 2.46556091 VUDS-J100045.13+022756.0 23281 0.3458 24 24.562 1 597159000 321356000 1084950000 7.66591 7.54342 7.78109 -0.948384 -1.12194 -0.757824 -8.61687 -8.83764 -8.37616 -17.476 24.501 0.266 0.3458 150.18807983 2.46556091 24
5101466084 150.16827393 2.46450901 VUDS-J100040.38+022752.2 23212 2.8426 2 24.302 11 52341000 46992600 110089000 9.15745 9.10039 9.25773 1.63306 1.47943 1.82154 -7.37948 -7.69661 -7.25743 -20.864 24.074 0.178 2.8426 150.16827393 2.46450901 2
5101466323 150.19969177 2.4631319 VUDS-J100047.92+022747.2 23136 0.3743 4 23.937 10 875548000 437557000 1636630000 8.18826 8.09272 8.28523 -0.539003 -0.779133 -0.329547 -8.74742 -9.03776 -8.44165 -17.111 23.933 0.192 0.3743 150.19969177 2.4631319 4
510253764  150.11312866 2.1814971 VUDS-J100027.14+021053.3 196 2.0851 1 24.952 13 861517000 355973000 1845990000 9.65468 9.43621 9.84226 0.906122 0.710625 1.09118 -8.74694 -9.07225 -8.37739 -22.085 24.587 0.283 2.0851 150.11312866 2.1814971 1
510285782  150.14102173 2.23957801 VUDS-J100033.84+021422.4 5142 3.3360 4 24.994 11 580424000 271282000 1124050000 9.82052 9.63441 9.97496 1.22896 1.05407 1.45117 -8.59551 -8.87785 -8.21672 -21.939 23.79 0.151 3.336 150.14102173 2.23957801 4
510317133  150.08006287 2.29917598 VUDS-J100019.21+021757.0 9996 2.9380 4 24.577 13 486061000 209552000 890395000 9.73053 9.53054 9.89262 1.24333 1.11176 1.43339 -8.50101 -8.74106 -8.12835 -22.109 24.373 0.217 2.938 150.08006287 2.29917598 4
510325615  150.07818604 2.31456995 VUDS-J100018.76+021852.4 11302 3.0889 1 24.411 11 50133600 46349100 54227200 9.28569 9.2476 9.32817 1.89343 1.82496 1.96577 -7.30044 -7.36874 -7.23214 -21.748 -99.9 -99.9 3.0889 150.07818604 2.31456995 1
510342600  150.12072754 2.34443307 VUDS-J100028.97+022039.9 13808 2.1200 1 24.493 2 193901000 106112000 428327000 9.41433 9.2593 9.54826 1.28372 1.04175 1.50099 -8.12566 -8.47037 -7.82072 -21.445 23.586 0.102 2.12 150.12072754 2.34443307 1
510353936  150.10429382 2.36496401 VUDS-J100025.03+022153.8 15521 2.7121 2 24.557 11 50167600 46359100 54288800 8.95038 8.9152 8.98557 1.59823 1.52836 1.6684 -7.30147 -7.37046 -7.23247 -19.968 -99.9 -99.9 2.7121 150.10429382 2.36496401 1
510379326  150.08125305 2.41225696 VUDS-J100019.49+022444.1 19414 3.1681 1 24.256 11 50228800 46377300 54400300 9.20773 9.15989 9.24576 1.88543 1.8077 1.96333 -7.30354 -7.37395 -7.23313 -20.97 23.953 0.179 3.1681 150.08125305 2.41225696 1
510383091  150.07424927 2.41828799 VUDS-J100017.81+022505.8 19898 3.1153 3 24.42 11 566971000 220063000 1117070000 9.25849 8.92958 9.50228 0.738842 0.648691 0.849947 -8.51794 -8.79543 -8.11918 -20.745 -99.9 -99.9 3.1153 150.07424927 2.41828799 3
510387625  150.10044861 2.42858005 VUDS-J100024.10+022542.8 20627 2.4743 3 24.802 13 469130000 189298000 896774000 9.35089 9.11201 9.53373 0.860463 0.71843 1.03363 -8.50425 -8.76823 -8.11616 -21.26 -99.9 -99.9 2.4743 150.10044861 2.42858005 3
510404248  150.0793457 2.4627049 VUDS-J100019.04+022745.7 23109 0.0 3 23.697 1 554680000 161859000 2231330000 7.43007 7.04154 7.51012 -2.4382 -2.897 -2.07795 -8.7357 -9.6296 -8.08408 23.544 23.544 0.132 0.0 150.0793457 2.4627049 3
510409567  150.06744385 2.47247791 VUDS-J100016.18+022820.9 23727 3.2413 32 23.853 9 657424000 394870000 1060490000 9.82285 9.66848 9.9557 1.19667 1.11679 1.28429 -8.65769 -8.81956 -8.44326 -22.16 24.136 0.198 3.234 150.06744385 2.47247791 1
510410944  150.05262756 2.47581697 VUDS-J100012.62+022832.9 23935 2.9047 2 24.965 5 193495000 102777000 425408000 9.29632 9.10697 9.46742 1.17372 1.00949 1.39773 -8.10204 -8.41445 -7.74842 -20.672 24.155 0.196 2.9047 150.05262756 2.47581697 2
510411306  150.08827209 2.47700095 VUDS-J100021.18+022837.2 24006 3.1779 1 24.432 11 50328900 46406800 54582600 9.15738 9.11822 9.19471 1.79779 1.72691 1.87202 -7.30624 -7.37849 -7.234 -21.703 23.675 0.151 3.1779 150.08827209 2.47700095 1
510445964  150.08621216 2.54195905 VUDS-J100020.69+023231.0 28357 3.1118 4 24.668 1 838810000 404850000 1383320000 9.99305 9.85981 10.108 1.20302 1.04786 1.39248 -8.80576 -9.03114 -8.52384 -22.092 23.533 0.112 3.1118 150.08621216 2.54195905 4
510994477  150.09535217 2.28722692 VUDS-J100022.88+021714.0 8991 1.8256 1 24.882 13 127359000 51565300 299733000 9.14678 8.98548 9.28072 1.25003 0.954955 1.52955 -7.92206 -8.20583 -7.53381 -21.425 23.989 0.133 1.8256 150.09535217 2.28722692 1
510994594  150.07244873 2.28263903 VUDS-J100017.38+021657.5 8577 3.2950 4 24.581 5 174904000 95865700 356266000 9.70868 9.54981 9.85691 1.68907 1.50307 1.84037 -8.02991 -8.31976 -7.66637 -22.148 23.145 0.077 3.295 150.07244873 2.28263903 4
510994681  150.12086487 2.28792095 VUDS-J100029.00+021716.5 9054 3.2700 2 24.934 3 539319000 244716000 1101960000 9.92633 9.75339 10.08 1.36296 1.17087 1.59284 -8.56939 -8.87181 -8.18967 -22.526 23.989 0.166 3.27 150.12086487 2.28792095 2
510994894  150.1277771 2.28659296 VUDS-J100030.66+021711.7 8943 3.3400 1 24.778 2 979725000 886582000 1098010000 10.3542 10.306 10.3952 0.650218 0.54913 0.852128 -9.65893 -9.75351 -9.50222 -22.809 23.468 0.096 3.34 150.1277771 2.28659296 1
510995442  150.11947632 2.28459501 VUDS-J100028.67+021704.5 8769 2.5355 2 24.533 13 598911000 286845000 1029180000 9.88258 9.72849 10.0006 1.26109 1.14703 1.52129 -8.61463 -8.80123 -8.24833 -22.263 23.336 0.104 2.5355 150.11947632 2.28459501 2
510996058  150.11190796 2.27760792 VUDS-J100026.85+021639.3 8178 2.4918 4 24.787 11 351654000 160212000 682031000 9.22499 9.01781 9.3956 0.8717 0.71567 1.06257 -8.34865 -8.63587 -8.02222 -20.903 24.3 0.209 2.4918 150.11190796 2.27760792 4
510996193  150.13511658 2.27799606 VUDS-J100032.42+021640.7 8200 2.9537 32 24.582 1 329182000 141613000 625108000 9.58174 9.38053 9.7536 1.26477 1.10487 1.45284 -8.31967 -8.6053 -7.98162 -21.691 -99.9 -99.9 2.9537 150.13511658 2.27799606 32
510996891  150.13192749 2.27270389 VUDS-J100031.66+021621.7 7767 2.5600 3 24.549 11 161995000 93614000 330577000 9.09934 8.92556 9.24509 1.06705 0.934544 1.29485 -8.0143 -8.26171 -7.65928 -20.25 24.145 0.177 2.56 150.13192749 2.27270389 3
510997733  150.14434814 2.2668879 VUDS-J100034.64+021600.7 7312 3.0046 4 24.444 11 567711000 330876000 984106000 9.70282 9.54494 9.83881 1.15231 1.03959 1.2728 -8.55135 -8.74817 -8.31953 -21.592 23.727 0.141 3.0046 150.14434814 2.2668879 4
510997797  150.08421326 2.26633406 VUDS-J100020.21+021558.8 7235 0.2837 4 24.547 9 410905000 166516000 990789000 7.57375 7.42659 7.69989 -0.855066 -1.1217 -0.63228 -8.43565 -8.79507 -8.06143 -16.473 23.906 0.154 0.2837 150.08421326 2.26633406 4
510997852  150.10743713 2.26642704 VUDS-J100025.78+021559.1 7253 3.1780 2 24.786 11 355188000 150507000 717746000 9.6582 9.46425 9.82437 1.29197 1.12083 1.49994 -8.35872 -8.66957 -7.99725 -21.594 24.042 0.155 3.178 150.10743713 2.26642704 2
510998000  150.09388733 2.26566195 VUDS-J100022.53+021556.3 7201 2.0978 2 24.867 1 172653000 89765900 420420000 9.2704 9.07705 9.4338 1.17406 0.923184 1.42039 -8.08741 -8.44966 -7.67035 -21.485 24.543 0.272 2.0978 150.09388733 2.26566195 2
510998227  150.09228516 2.26278901 VUDS-J100022.14+021546.0 6951 0.3254 4 24.178 1 495465000 296475000 963560000 7.81869 7.71778 7.92571 -0.741892 -0.927008 -0.570183 -8.55357 -8.7764 -8.36086 -16.793 23.863 0.099 0.3254 150.09228516 2.26278901 4
510998228  150.0919342 2.26268697 VUDS-J100022.06+021545.6 6950 0.9511 22 23.605 13 279531000 128288000 558226000 9.18148 9.06451 9.37632 0.958355 0.743768 1.10599 -8.14398 -8.62278 -7.98671 -20.876 22.66 0.042 0.9511 150.0919342 2.26268697 22
510998294  150.06561279 2.26153398 VUDS-J100015.74+021541.5 6821 3.8873 21 25.810 2 1402090000 1296380000 1523700000 11.0083 10.969 11.0425 0.706796 0.63418 0.779265 -10.2931 -10.3658 -10.2204 -24.518 23.033 0.058 3.8873 150.06561279 2.26153398 21
510998490  150.0881958 2.26057196 VUDS-J100021.16+021538.0 6760 3.0043 1 24.904 11 315041000 129936000 628063000 9.12932 8.89806 9.32783 0.844144 0.712202 1.04872 -8.26956 -8.57954 -7.91988 -20.806 24.692 0.286 3.0043 150.0881958 2.26057196 1
510998698  150.08221436 2.26106691 VUDS-J100019.73+021539.8 6772 4.0651 9 24.961 11 402762000 151174000 814046000 9.26891 8.94722 9.52986 0.90016 0.814805 1.0267 -8.36164 -8.65822 -7.9636 -20.754 24.37 0.213 4.0651 150.08221436 2.26106691 9
510999013  150.08616638 2.25785398 VUDS-J100020.68+021528.2 6543 3.0338 4 24.635 3 1854580000 1586870000 2078790000 10.3152 10.1913 10.4106 0.794657 0.705594 0.881795 -9.54062 -9.64199 -9.40359 -23.035 24.099 0.165 3.0338 150.08616638 2.25785398 4
510999024  150.08534241 2.25742888 VUDS-J100020.48+021526.7 6746 0.9248 22 22.272 13 741393000 189917000 1472680000 10.1626 9.95992 10.2393 1.52482 1.40041 1.81747 -8.68014 -8.81022 -8.1221 -23.073 21.034 0.01 0.9248 150.08534241 2.25742888 22
510999647  150.09089661 2.25502706 VUDS-J100021.81+021518.0 6359 0.2820 2 24.994 2 1136450000 363461000 3519950000 7.642 7.46218 7.8711 -1.27307 -1.60566 -0.887958 -8.92734 -9.47328 -8.40545 -16.7 -99.9 -99.9 0.282 150.09089661 2.25502706 2
510999708  150.09768677 2.25563002 VUDS-J100023.44+021520.2 6406 3.5575 2 24.671 11 446664000 178941000 893359000 9.73774 9.52526 9.90892 1.28795 1.10177 1.49396 -8.45332 -8.76016 -8.06954 -21.582 23.762 0.143 3.5575 150.09768677 2.25563002 2
510999751  150.13322449 2.25350904 VUDS-J100031.97+021512.6 6263 2.5594 1 24.999 5 302187000 133195000 620374000 9.68226 9.52753 9.83079 1.40678 1.16143 1.65205 -8.2826 -8.62127 -7.94394 -21.738 23.818 0.155 2.5594 150.13322449 2.25350904 1
511001230  150.0700531 2.24267101 VUDS-J100016.81+021433.6 5401 1.8147 2 24.854 5 427950000 170673000 942442000 9.34025 9.17788 9.48536 0.869248 0.649312 1.15065 -8.47058 -8.79681 -8.05818 -20.829 24.158 0.181 1.8147 150.0700531 2.24267101 2
511001325  150.14772034 2.24385095 VUDS-J100035.45+021437.8 5496 1.4660 1 24.927 8 144251000 99886100 189355000 9.15474 9.10349 9.22425 1.28997 1.22056 1.36603 -7.89671 -7.988 -7.80082 -20.493 23.434 0.09 1.466 150.14772034 2.24385095 1
511001423  150.08062744 2.24284291 VUDS-J100019.34+021434.2 5437 2.4416 4 23.826 1 264511000 131979000 419787000 10.0636 9.90082 10.1667 1.86622 1.46353 2.05122 -8.17908 -8.73283 -7.8347 -22.558 22.427 0.048 2.4416 150.08062744 2.24284291 4
511001461  150.07292175 2.24274397 VUDS-J100017.50+021433.8 5461 2.6986 4 24.059 2 121613000 54980700 202687000 9.89948 9.79222 10.0132 1.95428 1.84244 2.17945 -7.94617 -8.09911 -7.62907 -22.943 23.325 0.104 2.6986 150.07292175 2.24274397 4
511001467  150.09524536 2.24233699 VUDS-J100022.85+021432.4 5382 2.0970 3 24.434 11 227247000 106872000 503509000 9.64202 9.49663 9.77063 1.55453 1.19551 1.72621 -8.09202 -8.53029 -7.69434 -21.618 22.874 0.065 2.097 150.09524536 2.24233699 3
511001501  150.11526489 2.24191689 VUDS-J100027.66+021430.9 5351 2.2203 4 24.104 12 135788000 54243500 239566000 9.38968 9.18816 9.53522 1.47761 1.38004 1.56611 -7.90428 -8.13813 -7.64115 -21.713 23.241 0.077 2.2203 150.11526489 2.24191689 4
511001667  150.10108948 2.24172902 VUDS-J100024.26+021430.2 5332 2.6457 4 24.221 8 159804000 56028200 287821000 9.65374 9.44883 9.7785 1.67863 1.47082 1.81964 -8.00634 -8.24387 -7.65243 -22.174 23.699 0.14 2.6457 150.10108948 2.24172902 4
511001840  150.12495422 2.23696899 VUDS-J100029.98+021413.0 4972 1.8308 31 23.785 11 263121000 146989000 342970000 10.252 10.1853 10.332 2.16786 1.85256 2.25696 -8.0783 -8.53117 -7.9767 -23.234 21.831 0.026 1.8308 150.12495422 2.23696899 31
511001847  150.10946655 2.2400701 VUDS-J100026.27+021424.2 5240 2.4363 3 24.482 13 1309770000 831246000 1853680000 10.5323 10.4358 10.6138 1.60513 1.51895 1.69261 -8.95058 -9.07253 -8.77298 -23.462 22.614 0.044 2.4363 150.10946655 2.2400701 3
511002072  150.11764526 2.23830199 VUDS-J100028.23+021417.8 5046 2.1300 1 24.861 1 297209000 139609000 539990000 9.05034 8.86505 9.2087 0.769718 0.6023 0.950995 -8.27133 -8.56878 -7.96563 -19.934 24.711 0.308 2.13 150.11764526 2.23830199 1
511002137  150.12278748 2.23734307 VUDS-J100029.46+021414.4 4980 1.1456 2 24.453 1 456915000 305059000 808336000 9.26709 9.18933 9.34697 0.714269 0.590028 0.816815 -8.55658 -8.73893 -8.43158 -20.562 23.269 0.081 1.1456 150.12278748 2.23734307 2
511002138  150.12243652 2.23710608 VUDS-J100029.38+021413.5 4913 0.7469 29 24.282 10 170182000 50868200 348257000 8.70987 8.4728 8.81422 0.669972 0.495456 1.09443 -8.05311 -8.31135 -7.32273 -20.165 23.786 0.135 0.7469 150.12243652 2.23710608 29
511002172  150.06344604 2.237046 VUDS-J100015.22+021413.3 4935 2.2831 1 24.498 2 371024000 161993000 782207000 9.6578 9.47337 9.80358 1.24661 1.02825 1.46159 -8.42097 -8.73205 -8.04184 -21.924 23.598 0.128 2.2831 150.06344604 2.237046 1
511002175  150.06440735 2.23668909 VUDS-J100015.45+021412.0 5141 0.2079 24 20.915 2 900312000 823696000 978624000 8.69965 8.66563 8.73389 -0.904387 -0.977034 -0.823122 -9.60439 -9.67703 -9.52311 -18.991 20.638 0.013 0.2079 150.06440735 2.23668909 24
511002524  150.10527039 2.23548508 VUDS-J100025.26+021407.7 4774 2.4872 1 24.745 1 394300000 164990000 773514000 9.36323 9.16109 9.53388 0.945317 0.77107 1.15957 -8.42351 -8.70466 -8.04333 -20.806 23.847 0.143 2.4872 150.10527039 2.23548508 1
511006489  150.07696533 2.18908691 VUDS-J100018.47+021120.7 676 2.2351 2 23.907 13 1211370000 670272000 1965150000 10.1213 10.0029 10.2263 1.23196 1.06176 1.36657 -8.88397 -9.13632 -8.67476 -22.717 23.326 0.091 2.2351 150.07696533 2.18908691 2
511009107  150.14825439 2.1886549 VUDS-J100035.57+021119.1 655 0.3590 3 24.639 9 1174090000 485147000 2668770000 7.97724 7.8271 8.13345 -0.921032 -1.19946 -0.670367 -8.89804 -9.28603 -8.54876 -17.489 24.294 0.257 0.359 150.14825439 2.1886549 3
511009468  150.08453369 2.19014096 VUDS-J100020.28+021124.5 776 2.9629 3 24.500 8 1416850000 962610000 1829120000 9.93704 9.81444 10.0433 0.957533 0.864092 1.05272 -8.98319 -9.11216 -8.8214 -22.167 24.076 0.18 2.9629 150.08453369 2.19014096 3
511009605  150.12498474 2.19086194 VUDS-J100029.99+021127.1 863 2.2813 2 24.731 1 286960000 131913000 530252000 9.10215 8.90783 9.27817 0.835234 0.728976 1.01627 -8.24036 -8.50301 -7.96266 -20.365 24.366 0.277 2.2813 150.12498474 2.19086194 2
511010096  150.08691406 2.18508697 VUDS-J100020.86+021106.3 379 2.3787 3 24.236 13 842069000 558387000 1270050000 9.7148 9.58822 9.8214 0.995269 0.920062 1.08047 -8.74337 -8.87215 -8.58164 -21.424 23.373 0.075 2.3787 150.08691406 2.18508697 3
511010491  150.13061523 2.18390107 VUDS-J100031.34+021102.0 324 0.0 1 24.451 1 479279000 181408000 945360000 7.0125 7.004 7.021 -2.30635 -2.48875 -1.97242 -8.59059 -8.84097 -8.10031 23.269 23.269 0.082 0.0 150.13061523 2.18390107 1
511011018  150.08303833 2.17792201 VUDS-J100019.92+021040.5 53 2.9802 1 24.258 11 820192000 449460000 1318710000 9.47606 9.25295 9.62861 0.771858 0.700913 0.86322 -8.69418 -8.87696 -8.45185 -20.699 24.562 0.271 2.9802 150.08303833 2.17792201 1
511011237  150.0887146 2.17731595 VUDS-J100021.29+021038.3 47 2.4167 3 24.742 1 291879000 126446000 554189000 9.54381 9.36626 9.69661 1.28842 1.10349 1.4646 -8.26573 -8.57822 -7.93893 -21.622 23.709 0.142 2.4167 150.0887146 2.17731595 3
511023255  150.05335999 2.26690197 VUDS-J100012.80+021600.8 7347 3.1817 1 24.405 3 1529270000 1275930000 1766090000 9.99985 9.84347 10.142 0.80032 0.731573 0.869465 -9.19934 -9.38421 -9.05076 -22.103 23.914 0.131 3.1817 150.05335999 2.26690197 1
511025693  150.05993652 2.25041509 VUDS-J100014.38+021501.4 6005 3.2562 4 24.094 2 778732000 522668000 1165180000 10.0182 9.91132 10.118 1.29987 1.22249 1.37739 -8.734 -8.87554 -8.58083 -22.218 23.0 0.066 3.2562 150.05993652 2.25041509 4
511027638  150.05224609 2.23746991 VUDS-J100012.53+021414.8 4982 1.2459 23 23.674 11 442028000 304223000 821532000 9.38357 9.31303 9.46895 0.902501 0.803173 1.03736 -8.49124 -8.65125 -8.30337 -20.869 22.825 0.061 1.2459 150.05224609 2.23746991 23
5110295022 150.15513611 2.25663495 VUDS-J100037.23+021523.8 6467 2.4727 2 24.876 11 50406400 46429700 54723800 8.94722 8.90721 8.98653 1.58143 1.50693 1.66147 -7.30788 -7.38124 -7.23452 -20.607 24.524 0.284 2.4727 150.15513611 2.25663495 2
5110326991 150.14653015 2.31717396 VUDS-J100035.16+021901.8 11521 2.6200 1 24.886 3 1300230000 644343000 1964490000 9.59281 9.41289 9.72402 0.635459 0.463472 0.805786 -8.97568 -9.18195 -8.66926 -21.218 24.63 0.252 2.62 150.14653015 2.31717396 1
5110328102 150.18122864 2.31874394 VUDS-J100043.49+021907.4 11724 2.8002 2 24.767 8 993272000 359706000 1769550000 9.96991 9.78128 10.1017 1.11433 0.861741 1.38748 -8.88004 -9.17452 -8.4061 -22.044 -99.9 -99.9 2.8002 150.18122864 2.31874394 2
5110332328 150.18589783 2.32699299 VUDS-J100044.61+021937.1 12334 2.9635 2 24.807 3 1391140000 824207000 1891180000 10.5659 10.4647 10.6492 1.4746 1.02024 1.65743 -9.11426 -9.60218 -8.89923 -23.327 23.235 0.086 2.9635 150.18589783 2.32699299 2
5110334085 150.14517212 2.329422 VUDS-J100034.84+021945.9 12527 4.1292 1 24.937 2 960393000 555131000 1324140000 10.2242 10.0786 10.3446 1.36032 1.15998 1.51994 -8.87536 -9.10914 -8.60892 -22.791 23.722 0.143 4.1292 150.14517212 2.329422 1
5110347551 150.17796326 2.35370302 VUDS-J100042.71+022113.3 14532 2.6629 2 24.952 11 1346550000 791227000 1950880000 9.89168 9.73637 10.003 0.954957 0.790272 1.07426 -8.94366 -9.12926 -8.71542 -21.788 -99.9 -99.9 2.6629 150.17796326 2.35370302 2
5110357273 150.15371704 2.37049508 VUDS-J100036.89+022213.7 15979 2.4594 3 24.978 5 312836000 129121000 639698000 9.00618 8.76209 9.22659 0.703223 0.57302 0.900734 -8.2838 -8.59424 -7.93318 -20.367 24.637 0.275 2.4594 150.15371704 2.37049508 3
5110359537 150.1975708 2.37504292 VUDS-J100047.41+022230.1 16390 0.0000 2 24.454 1 952547000 210226000 7666290000 7.03708 7.01187 7.14028 -2.8848 -3.43145 -2.58029 -8.79589 -10.5705 -8.09789 24.447 24.447 0.272 0.0 150.1975708 2.37504292 2
511036513  150.05619812 2.17433095 VUDS-J100013.48+021027.5 4 2.1049 1 24.638 2 152568000 91084700 301403000 9.14018 8.98359 9.2792 1.11145 1.00172 1.3498 -8.02089 -8.22176 -7.65959 -21.153 24.275 0.235 2.1049 150.05619812 2.17433095 1
5110368123 150.14976501 2.39022112 VUDS-J100035.94+022324.7 17590 0.0000 2 23.475 1 7758390000 5921320000 11214400000 7.43681 7.36417 7.49982 -4.94159 -5.38486 -4.49573 -12.8299 -16.1672 -12.1069 23.109 23.109 0.073 0.0 150.14976501 2.39022112 2
5110406464 150.14376831 2.46673608 VUDS-J100034.50+022800.2 23364 3.0780 3 23.955 11 51999300 46894200 104353000 9.35207 9.30293 9.50635 1.94228 1.71862 2.0461 -7.36597 -7.68161 -7.25311 -21.416 23.321 0.105 3.078 150.14376831 2.46673608 3
5110445455 150.17359924 2.54047489 VUDS-J100041.66+023225.7 28260 1.1941 29 24.384 13 50273700 46390500 54481900 8.37586 8.33034 8.42544 1.0329 0.928624 1.11872 -7.30985 -7.38456 -7.23515 -19.901 24.467 0.23 1.1941 150.17359924 2.54047489 29
511221811  150.11694336 2.29333305 VUDS-J100028.06+021735.9 9480 1.8190 1 24.470 13 607409000 311064000 1192880000 9.70054 9.55346 9.82994 1.10256 0.939905 1.27086 -8.61699 -8.8381 -8.3052 -21.99 23.548 0.121 1.819 150.11694336 2.29333305 1
511221812  150.11810303 2.29329395 VUDS-J100028.34+021735.8 9632 0.2821 24 21.651 5 1140400000 769245000 1852090000 8.98401 8.93532 9.03534 0.11866 -0.0877963 0.24381 -8.88286 -9.09385 -8.72956 -19.415 20.944 0.014 0.2821 150.11810303 2.29329395 24
511222018  150.10450745 2.45807004 VUDS-J100025.08+022729.0 22788 2.2392 1 24.696 5 606584000 290346000 1055620000 9.68819 9.54424 9.80071 1.05786 0.932379 1.31121 -8.63909 -8.86022 -8.24766 -21.367 23.368 0.093 2.2392 150.10450745 2.45807004 1
511222619  150.10626221 2.45194411 VUDS-J100025.50+022706.9 22400 2.9011 4 24.057 3 1460280000 922725000 1899280000 10.261 10.1742 10.3372 1.2331 1.14184 1.3723 -9.03715 -9.15007 -8.85616 -22.556 22.918 0.073 2.9011 150.10626221 2.45194411 4
511222865  150.09712219 2.45168996 VUDS-J100023.30+022706.0 22364 2.4796 3 24.255 2 166068000 99941600 343016000 9.49793 9.35814 9.62761 1.44185 1.20347 1.63184 -8.0592 -8.38337 -7.76399 -21.768 23.637 0.142 2.4796 150.09712219 2.45168996 3
511223103  150.10276794 2.44970107 VUDS-J100024.66+022658.9 22243 2.585 1 24.907 3 1968680000 1143070000 2279250000 10.6363 10.5374 10.7371 1.09652 0.933382 1.39282 -9.54932 -9.71398 -9.19438 -23.3 22.816 0.052 2.585 150.10276794 2.44970107 1
511224097  150.13305664 2.4385891 VUDS-J100031.93+022618.9 21387 3.2627 9 23.948 5 883443000 445158000 1423700000 9.81573 9.65793 9.94193 1.03594 0.891374 1.23051 -8.78595 -9.02301 -8.49099 -21.56 23.721 0.116 3.2627 150.13305664 2.4385891 9
511224200  150.09399414 2.44247198 VUDS-J100022.56+022632.8 21719 2.457 2 24.929 2 1188610000 624227000 2054900000 10.3512 10.2438 10.4383 1.3073 0.865222 1.48486 -9.08822 -9.51738 -8.83677 -22.587 23.05 0.064 2.457 150.09399414 2.44247198 2
511224303  150.13755798 2.44068408 VUDS-J100033.01+022626.4 21564 2.5113 3 24.358 13 467349000 289002000 829969000 9.729 9.59123 9.86685 1.26606 1.13585 1.37414 -8.46483 -8.69185 -8.25488 -22.135 23.547 0.099 2.5113 150.13755798 2.44068408 3
511225111  150.1161499 2.43611097 VUDS-J100027.87+022609.9 21220 2.516 2 24.737 2 528397000 245994000 1066050000 9.67591 9.49261 9.82509 1.12764 0.934474 1.33588 -8.55784 -8.85209 -8.19316 -21.608 24.005 0.15 2.516 150.1161499 2.43611097 2
511225239  150.09158325 2.43562388 VUDS-J100021.98+022608.2 21149 0.0 2 24.884 11 1735300000 284231000 8112520000 7.03716 7.01189 7.14292 -3.19217 -3.43791 -2.93143 -9.05223 -9.89102 -8.18546 24.208 -99.9 -99.9 0.0 150.09158325 2.43562388 2
511225288  150.11210632 2.43195391 VUDS-J100026.90+022555.0 20864 3.2436 2 24.977 5 945467000 443355000 1514940000 9.56507 9.31779 9.73106 0.788997 0.638219 0.925231 -8.78083 -9.02214 -8.45665 -21.359 -99.9 -99.9 3.2436 150.11210632 2.43195391 2
511225417  150.12322998 2.43202496 VUDS-J100029.57+022555.2 20885 2.42 2 24.776 1 220482000 106804000 490028000 9.60992 9.44626 9.76735 1.42143 1.17576 1.63027 -8.18581 -8.54585 -7.84125 -21.938 23.715 0.128 2.42 150.12322998 2.43202496 2
511225585  150.11793518 2.43282604 VUDS-J100028.30+022558.1 20940 3.1081 1 24.971 13 151824000 54867200 327906000 9.53352 9.31965 9.74331 1.54298 1.38731 1.72155 -7.99467 -8.28288 -7.62982 -21.578 24.57 0.251 3.1081 150.11793518 2.43282604 1
511225656  150.09893799 2.4320631 VUDS-J100023.74+022555.4 20905 2.2002 1 24.351 9 190169000 93862300 391817000 9.09002 8.85154 9.2747 0.980458 0.852687 1.17082 -8.11208 -8.382 -7.68617 -20.759 24.324 0.198 2.2002 150.09893799 2.4320631 1
511225853  150.0675354 2.43074203 VUDS-J100016.20+022550.6 20810 3.39 2 24.642 11 -99.0 -99.0 -99.0 -99.0 -99.0 -99.0 -99.0 -99.0 -99.0 -99.0 -99.0 -99.0 -23.09 23.002 0.064 3.34 150.0675354 2.43074203 1
511226141  150.12147522 2.42620492 VUDS-J100029.15+022534.3 20488 2.93 1 24.627 9 1237260000 603164000 1800030000 10.2622 10.1242 10.3767 1.34666 1.19753 1.54656 -8.93535 -9.13952 -8.63066 -23.015 23.905 0.136 2.93 150.12147522 2.42620492 1
511226340  150.07034302 2.42701197 VUDS-J100016.88+022537.2 20570 0.2026 4 23.389 1 297173000 264411000 485661000 7.61528 7.57214 7.65486 -1.40765 -1.49697 -1.31675 -9.10049 -9.18962 -9.01571 -16.717 22.895 0.065 0.2026 150.07034302 2.42701197 4
511226355  150.06358337 2.42695403 VUDS-J100015.26+022537.0 20537 2.5154 4 24.215 10 115372000 52043200 176275000 9.0893 8.96857 9.22958 1.284 1.08681 1.45751 -7.83931 -8.06512 -7.53399 -20.452 24.166 0.233 2.5154 150.06358337 2.42695403 4
511226972  150.07943726 2.42321396 VUDS-J100019.06+022523.5 20273 3.1134 3 24.976 1 380348000 121430000 1130070000 9.07574 8.69417 9.51694 0.730569 0.617588 0.900855 -8.34912 -8.84291 -7.87349 -20.03 -99.9 -99.9 3.1134 150.07943726 2.42321396 3
511227001  150.06216431 2.42305589 VUDS-J100014.92+022523.0 20282 3.635 3 24.931 13 435355000 169854000 907444000 9.64012 9.41415 9.82486 1.19626 1.00637 1.40871 -8.45069 -8.75975 -8.05824 -21.894 24.447 0.3 3.635 150.06216431 2.42305589 3
511227411  150.13441467 2.420609 VUDS-J100032.26+022514.1 20090 3.4145 4 24.518 8 811249000 453356000 1348510000 10.0308 9.89384 10.1514 1.29908 1.14066 1.44667 -8.73569 -8.9765 -8.4924 -22.232 23.309 0.095 3.4145 150.13441467 2.420609 4
511227773  150.10455322 2.41676092 VUDS-J100025.09+022500.3 19838 2.4709 4 23.698 2 827735000 521439000 1443670000 10.349 10.2501 10.4432 1.56235 1.40493 1.68534 -8.78566 -9.02734 -8.61899 -23.043 22.449 0.051 2.4709 150.10455322 2.41676092 4
511228062  150.06535339 2.41182208 VUDS-J100015.68+022442.5 19374 3.3555 4 24.403 10 1223240000 679695000 1647770000 10.1872 10.0491 10.2946 1.25929 1.12434 1.41247 -8.94243 -9.11839 -8.68304 -22.288 23.477 0.103 3.3555 150.06535339 2.41182208 4
511228185  150.13970947 2.41598105 VUDS-J100033.53+022457.5 19705 2.5085 3 24.462 13 176768000 101059000 383712000 9.27389 9.08633 9.43196 1.17992 1.0548 1.37356 -8.07849 -8.33013 -7.77406 -21.031 23.839 0.155 2.5085 150.13970947 2.41598105 3
511228281  150.1065979 2.41356993 VUDS-J100025.58+022448.8 19526 3.1135 3 24.183 3 1148130000 685886000 1735500000 10.2176 10.0998 10.3169 1.30868 1.16342 1.45293 -8.90564 -9.09521 -8.7032 -22.622 23.157 0.092 3.1135 150.1065979 2.41356993 3
511228420  150.12461853 2.41167808 VUDS-J100029.90+022442.0 19365 0.9351 3 24.952 13 887272000 305263000 3148120000 8.71672 8.52281 8.94887 -0.0505335 -0.392747 0.253957 -8.75551 -9.33428 -8.31087 -19.122 -99.9 -99.9 0.9351 150.12461853 2.41167808 3
511228965  150.09681702 2.38352609 VUDS-J100023.23+022300.6 17068 2.5114 3 24.928 8 526755000 260938000 964698000 9.57221 9.38829 9.71486 1.03274 0.885516 1.22144 -8.54501 -8.7895 -8.20355 -21.274 23.76 0.141 2.5114 150.09681702 2.38352609 3
511228970  150.08692932 2.41051793 VUDS-J100020.86+022437.8 19384 0.5396 24 22.188 11 964166000 605137000 1406520000 9.22771 9.17004 9.28369 0.462973 0.340331 0.625013 -8.75335 -8.95037 -8.56175 -19.994 21.615 0.026 0.5396 150.08692932 2.41051793 24
511228971  150.08773804 2.41017008 VUDS-J100021.05+022436.6 19250 3.08 2 24.689 11 169720000 97149700 355158000 9.31559 9.13063 9.48084 1.263 1.13313 1.46437 -8.04052 -8.29873 -7.67414 -20.786 23.957 0.177 3.08 150.08773804 2.41017008 2
511229074  150.09379578 2.38816905 VUDS-J100022.51+022317.4 34839 3.2379 9 23.632 5 293720000 116832000 522822000 9.7227 9.56832 9.84806 1.47464 1.34138 1.78312 -8.21769 -8.47025 -7.80552 -22.271 23.094 0.067 3.2379 150.09379578 2.38816905 9
511229098  150.0953064 2.38647795 VUDS-J100022.87+022311.3 17342 1.831 2 23.542 5 138481000 112106000 267945000 9.55777 9.47186 9.60967 1.54315 1.45253 1.65223 -8.00638 -8.08951 -7.90591 -21.398 22.633 0.041 1.831 150.0953064 2.38647795 2
511229250  150.10978699 2.41013503 VUDS-J100026.34+022436.4 19242 3.03 1 24.896 3 498686000 205655000 1026310000 9.52145 9.28879 9.70956 0.977391 0.82288 1.18965 -8.53056 -8.83707 -8.12959 -21.175 -99.9 -99.9 3.03 150.10978699 2.41013503 1
511229433  150.11387634 2.409096 VUDS-J100027.33+022432.7 19153 3.2545 3 24.325 5 281492000 125312000 510713000 9.60529 9.43619 9.7604 1.38782 1.21055 1.60436 -8.1959 -8.51667 -7.89987 -21.264 23.045 0.076 3.2545 150.11387634 2.409096 3
511229478  150.10823059 2.40853 VUDS-J100025.97+022430.7 19140 3.4164 33 24.295 2 1192550000 677740000 1572790000 10.347 10.2386 10.4377 1.37614 1.2256 1.47511 -8.97781 -9.15887 -8.81083 -22.803 23.207 0.084 3.4164 150.10823059 2.40853 33
511231402  150.11772156 2.39112091 VUDS-J100028.25+022328.0 17645 3.6854 3 24.983 5 1266640000 800587000 1552900000 10.2426 10.1268 10.3405 1.26369 1.10845 1.40433 -8.987 -9.17047 -8.78122 -23.076 23.698 0.139 3.685 150.11772156 2.39112091 2
511231577  150.06393433 2.38628006 VUDS-J100015.34+022310.6 17289 2.5466 3 24.787 2 662443000 291352000 1339780000 9.25044 8.96068 9.48416 0.60724 0.504058 0.753107 -8.64109 -8.93931 -8.26152 -20.354 24.269 0.212 2.5466 150.06393433 2.38628006 3
511231856  150.11193848 2.38848805 VUDS-J100026.86+022318.5 17482 2.4983 1 24.791 5 1397760000 690939000 1933760000 10.1575 10.054 10.2411 1.15588 1.03497 1.38209 -9.01523 -9.16825 -8.73234 -22.346 23.218 0.075 2.4983 150.11193848 2.38848805 1
511232421  150.1472168 2.38331199 VUDS-J100035.33+022259.9 17262 0.0 24 18.444 1 -99.0 -99.0 -99.0 -99.0 -99.0 -99.0 -99.0 -99.0 -99.0 -99.0 -99.0 -99.0 19.01 19.01 0.0020 0.0 150.1472168 2.38331199 24
511232589  150.06152344 2.37944794 VUDS-J100014.76+022246.0 16747 2.082 2 23.475 13 737505000 379709000 1432410000 9.89198 9.74913 10.0488 1.22839 1.04297 1.35945 -8.64246 -8.95841 -8.41788 -22.526 23.454 0.1 2.082 150.06152344 2.37944794 1
511232607  150.10006714 2.3836 VUDS-J100024.01+022300.9 17085 0.2383 4 24.521 1 514557000 284204000 1081350000 7.33833 7.23764 7.44208 -1.26839 -1.52089 -1.06656 -8.61531 -8.95449 -8.33679 -16.043 23.881 0.164 0.2383 150.10006714 2.3836 4
511232795  150.1325531 2.38189197 VUDS-J100031.81+022254.8 16951 3.1922 4 24.025 1 311775000 154723000 552661000 10.0458 9.90767 10.16 1.72655 1.52697 1.95451 -8.32431 -8.59832 -8.00763 -22.634 23.102 0.086 3.1922 150.1325531 2.38189197 4
511233292  150.11946106 2.3794651 VUDS-J100028.67+022246.0 16725 3.5367 1 24.961 5 390999000 141993000 924457000 9.70061 9.37475 9.97866 1.28292 1.08329 1.53801 -8.40538 -8.78424 -7.96614 -21.602 24.272 0.197 3.5367 150.11946106 2.3794651 1
511233374  150.14129639 2.36824107 VUDS-J100033.90+022205.6 15760 3.0453 2 24.462 10 191325000 103011000 417797000 9.21309 9.01079 9.39605 1.06923 0.903908 1.29639 -8.12086 -8.44775 -7.76415 -21.007 -99.9 -99.9 3.0453 150.14129639 2.36824107 2
511233381  150.14358521 2.37166405 VUDS-J100034.45+022217.9 16080 3.7105 2 24.129 8 1078070000 630550000 1470410000 9.87134 9.70301 9.99876 1.02817 0.940985 1.157 -8.84328 -9.00652 -8.60291 -21.866 24.046 0.16 3.7105 150.14358521 2.37166405 2
511233416  150.13887024 2.366678 VUDS-J100033.32+022200.0 15671 2.4748 3 24.129 5 183192000 108794000 344843000 9.65323 9.50909 9.76922 1.59054 1.505 1.67811 -8.06427 -8.23085 -7.86314 -21.83 22.999 0.07 2.4748 150.13887024 2.366678 3
511233771  150.08979797 2.37663388 VUDS-J100021.55+022235.8 16529 3.1195 1 24.892 1 437071000 160682000 1141390000 10.1098 9.70141 10.5053 1.64227 1.3808 1.87913 -8.49173 -8.93299 -8.03174 -22.633 -99.9 -99.9 3.1195 150.08979797 2.37663388 1
511233860  150.14533997 2.37551904 VUDS-J100034.88+022231.8 16440 1.1753 1 24.121 9 50636200 46497300 55143600 8.74388 8.70556 8.78707 1.10119 1.0306 1.17058 -7.62001 -7.68879 -7.53924 -20.811 23.094 0.069 1.1753 150.14533997 2.37551904 1
511233945  150.11581421 2.37472296 VUDS-J100027.79+022229.0 16352 2.98 1 24.772 8 357540000 161188000 686906000 9.58979 9.41571 9.74772 1.21221 1.04743 1.41984 -8.37009 -8.6496 -8.0287 -21.705 24.157 0.199 2.98 150.11581421 2.37472296 1
511234010  150.121521 2.37346292 VUDS-J100029.16+022224.4 16251 2.4321 1 24.828 1 449690000 254237000 942145000 10.0143 9.87837 10.1331 1.50829 1.22493 1.64335 -8.51046 -8.87498 -8.30032 -22.302 23.181 0.072 2.4321 150.121521 2.37346292 1
511234222  150.08703613 2.37049794 VUDS-J100020.88+022213.7 16059 2.5511 3 23.935 6 1962370000 1534840000 2240390000 10.4876 10.4125 10.5553 1.30896 1.23353 1.38456 -9.16136 -9.27098 -9.03917 -23.316 23.064 0.066 2.5511 150.08703613 2.37049794 3
511234629  150.10566711 2.37139511 VUDS-J100025.36+022217.0 16046 3.5702 1 24.772 2 228128000 107805000 501996000 9.83701 9.66337 10.0009 1.65486 1.47242 1.88039 -8.15521 -8.49368 -7.80847 -22.554 23.914 0.143 3.7 150.10566711 2.37139511 1
511234644  150.11387634 2.3699739 VUDS-J100027.32+022211.9 15899 2.4677 22 25.317 -9 -999.0 -999.0 -999.0 -999.0 -999.0 -999.0 -999.0 -999.0 -999.0 -999.0 -999.0 -999.0 -999.0 -999.0 -999.0 2.4677 150.11387634 2.3699739 22
511234725  150.06910706 2.36385703 VUDS-J100016.58+022149.8 15452 3.4331 2 23.82 5 1008370000 536016000 1488490000 9.98078 9.83264 10.0972 1.16683 1.00718 1.34569 -8.82909 -9.04052 -8.55294 -22.14 23.686 0.117 3.477 150.06910706 2.36385703 1
511234747  150.07244873 2.3701601 VUDS-J100017.38+022212.5 15947 3.9476 2 24.428 8 320001000 125163000 700212000 9.78215 9.57957 9.97033 1.49401 1.29575 1.73439 -8.27346 -8.62646 -7.90743 -22.409 24.437 0.296 3.9476 150.07244873 2.3701601 1
511234776  150.07391357 2.36701298 VUDS-J100017.74+022201.2 15853 2.5372 1 22.594 13 93087400 48778800 111610000 9.9375 9.87653 10.1051 2.29682 2.2237 2.37223 -7.62608 -7.81417 -7.52698 -23.173 22.066 0.027 2.5372 150.07391357 2.36701298 1
511234877  150.11732483 2.34794497 VUDS-J100028.15+022052.6 14014 5.9409 9 23.452 13 193886000 94888100 509349000 10.5945 10.3449 10.788 2.50156 2.1757 2.66657 -8.10185 -8.55744 -7.68213 -24.571 23.739 0.117 5.9409 150.11732483 2.34794497 9
511234902  150.12252808 2.34715796 VUDS-J100029.40+022049.7 14088 2.4325 2 23.712 1 367689000 277982000 646074000 10.5981 10.5213 10.6777 2.18599 2.11084 2.2639 -8.41704 -8.55492 -8.31021 -23.958 22.069 0.025 2.4325 150.12252808 2.34715796 2
511235023  150.09916687 2.36828303 VUDS-J100023.79+022205.8 16030 0.04 21 21.039 2 934486000 823139000 1037500000 7.14571 7.10888 7.18262 -2.50858 -2.63787 -2.3697 -9.65062 -9.74214 -9.56095 -13.764 22.363 0.035 0.04 150.09916687 2.36828303 21
511235190  150.10821533 2.36653495 VUDS-J100025.97+022159.5 15628 3.11 1 24.627 10 98230900 48752200 173220000 8.97104 8.76732 9.14017 1.26115 1.07572 1.41277 -7.6642 -8.02235 -7.32156 -20.207 -99.9 -99.9 3.11 150.10821533 2.36653495 1
511235318  150.12484741 2.36714697 VUDS-J100029.96+022201.7 15724 2.0931 1 24.549 8 367948000 181080000 891651000 9.74622 9.62614 9.87372 1.36568 1.05082 1.58039 -8.39219 -8.79439 -8.07219 -21.734 23.22 0.075 2.0931 150.12484741 2.36714697 1
511235472  150.07931519 2.3653059 VUDS-J100019.03+022155.1 15561 2.8462 1 24.988 5 497447000 239311000 912416000 9.36079 9.14399 9.53278 0.844381 0.73549 1.02469 -8.5063 -8.74098 -8.15277 -20.824 23.916 0.164 2.8462 150.07931519 2.3653059 1
511235666  150.1277771 2.36462092 VUDS-J100030.66+022152.6 15497 3.3686 2 24.658 13 133747000 51106000 315236000 9.18916 8.99149 9.41401 1.30962 1.10789 1.47075 -7.90299 -8.24892 -7.53428 -20.807 24.0 0.188 3.3686 150.1277771 2.36462092 2
511235779  150.134552 2.36363506 VUDS-J100032.29+022149.0 15414 2.8201 2 24.668 3 1880640000 1519020000 2106990000 10.473 10.3861 10.5275 0.949717 0.839864 1.21411 -9.53462 -9.64871 -9.18553 -23.0 23.17 0.084 2.8201 150.134552 2.36363506 2
511236449  150.07829285 2.35781908 VUDS-J100018.79+022128.1 15089 2.4249 1 24.079 1 433311000 54439800 1959330000 10.4771 10.1111 10.6511 1.98773 1.51082 2.41857 -8.50334 -9.14681 -7.67458 -24.149 22.704 0.046 2.4249 150.07829285 2.35781908 1
511236728  150.09892273 2.34693599 VUDS-J100023.74+022048.9 13963 2.5512 2 24.667 2 335033000 131882000 764900000 9.5684 9.36532 9.74059 1.22954 0.992345 1.45802 -8.33844 -8.69503 -7.95817 -21.887 24.664 0.277 2.5512 150.09892273 2.34693599 2
511236742  150.0880127 2.35035706 VUDS-J100021.12+022101.2 14299 2.5558 4 23.809 11 1422110000 1099540000 2060050000 10.7142 10.645 10.7835 1.75777 1.65245 1.85176 -8.96135 -9.07945 -8.85047 -23.756 22.405 0.035 2.5558 150.0880127 2.35035706 4
511236765  150.09710693 2.34927607 VUDS-J100023.30+022057.3 14176 2.4662 4 22.883 12 328751000 50646000 745953000 10.1812 9.81848 10.3213 1.69144 1.55262 2.46405 -8.50456 -8.72226 -7.33702 -23.484 22.683 0.045 2.4662 150.09710693 2.34927607 4
511236775  150.09208679 2.35133791 VUDS-J100022.09+022104.8 14321 2.9162 4 24.602 11 510956000 284310000 886551000 9.50028 9.31886 9.6553 1.03187 0.91782 1.147 -8.47664 -8.70081 -8.21103 -21.309 24.009 0.13 2.9162 150.09208679 2.35133791 4
511237363  150.07060242 2.35480189 VUDS-J100016.94+022117.2 14624 3.6097 2 24.226 5 1280390000 802798000 1562770000 10.5169 10.4239 10.5971 1.53841 1.42678 1.70316 -8.97659 -9.11758 -8.77021 -23.355 23.088 0.074 3.6097 150.07060242 2.35480189 2
511237379  150.12994385 2.35028911 VUDS-J100031.18+022101.0 -99.9 2.5520 1 22.581 4 441208000 261049000 715466000 9.87068 9.75418 9.97457 1.40685 1.32266 1.50996 -8.50098 -8.6313 -8.26979 -22.569 23.606 0.102 2.552 150.12994385 2.35028911 1
511237677  150.12420654 2.34890389 VUDS-J100029.81+022056.0 14132 2.0512 1 24.609 10 93211800 48418000 157722000 8.81518 8.61447 8.94387 1.1605 0.935964 1.31264 -7.63111 -7.97975 -7.30617 -20.215 24.217 0.202 2.0512 150.12420654 2.34890389 1
511238326  150.12768555 2.34440303 VUDS-J100030.64+022039.8 13804 3.5284 1 24.958 3 508931000 215792000 985182000 9.59167 9.37195 9.76602 1.07409 0.917181 1.26832 -8.5268 -8.80641 -8.13874 -21.261 24.038 0.154 3.5284 150.12768555 2.34440303 1
511238602  150.06562805 2.34247398 VUDS-J100015.75+022032.9 13612 2.7648 2 24.785 3 329841000 147831000 610933000 9.33971 9.12931 9.5162 1.01947 0.89823 1.20408 -8.32036 -8.57618 -7.99791 -21.036 24.711 0.343 2.7648 150.06562805 2.34247398 2
511239330  150.06770325 2.33478904 VUDS-J100016.24+022005.2 12959 4.3008 2 24.229 12 306437000 120014000 647336000 10.3038 10.1161 10.4768 2.03531 1.83402 2.29424 -8.25332 -8.59789 -7.89073 -24.084 23.26 0.105 4.3008 150.06770325 2.33478904 2
511239525  150.133255 2.33610702 VUDS-J100031.98+022009.9 13054 1.8980 1 24.577 5 172948000 97486900 371039000 8.9952 8.83878 9.15056 0.935779 0.737577 1.10077 -8.05931 -8.37919 -7.69783 -20.592 24.076 0.187 1.898 150.133255 2.33610702 1
511239956  150.08209229 2.33358097 VUDS-J100019.70+022000.8 12862 1.9255 4 23.652 5 250113000 129326000 555737000 9.86106 9.77599 9.95315 1.65568 1.32734 1.84323 -8.20173 -8.58746 -7.96805 -22.309 22.748 0.059 1.9255 150.08209229 2.33358097 4
511240238  150.12625122 2.33113408 VUDS-J100030.30+021952.0 12682 2.9997 2 24.717 13 654408000 304004000 1396870000 10.3263 10.174 10.4614 1.68981 1.45502 1.90744 -8.63144 -8.97364 -8.28728 -23.362 23.493 0.117 2.9997 150.12625122 2.33113408 2
511240251  150.10055542 2.33141708 VUDS-J100024.13+021953.1 12689 3.0700 1 24.811 11 52250500 46966600 109176000 8.98266 8.91925 9.14899 1.52622 1.32846 1.64252 -7.36949 -7.69508 -7.25424 -20.635 24.511 0.292 3.07 150.10055542 2.33141708 1
511240736  150.07281494 2.3283999 VUDS-J100017.47+021942.2 12437 0.3412 1 24.570 10 1509000000 403752000 5597560000 8.13524 7.49123 8.40578 -1.4057 -2.66319 -0.93639 -9.75907 -11.3146 -8.41627 -16.054 24.654 0.302 0.3412 150.07281494 2.3283999 1
511240861  150.09550476 2.32737803 VUDS-J100022.92+021938.5 12351 0.3493 3 24.720 8 1045980000 391352000 2466720000 7.67565 7.50448 7.85371 -1.16485 -1.45751 -0.860144 -8.84302 -9.25203 -8.42223 -16.287 -99.9 -99.9 0.3493 150.09550476 2.32737803 3
511240899  150.10743713 2.32722092 VUDS-J100025.78+021937.9 12332 2.7794 39 24.960 10 177862000 97618100 407358000 9.19868 9.00357 9.37639 1.0931 0.925012 1.33405 -8.08351 -8.39986 -7.69613 -20.881 24.645 0.29 2.7794 150.10743713 2.32722092 39
511241910  150.14103699 2.31960106 VUDS-J100033.84+021910.5 11778 1.4520 1 23.762 11 50139000 46350700 54236900 8.98612 8.88784 9.02951 1.62703 1.52161 1.72138 -7.30058 -7.36898 -7.23219 -20.245 22.92 0.076 1.452 150.14103699 2.31960106 1
511242800  150.07717896 2.3098619 VUDS-J100018.52+021835.5 11210 0.1231 24 19.366 1 316975000 292641000 342821000 8.90006 8.86602 8.93406 -0.301842 -0.371259 -0.232506 -9.20197 -9.2713 -9.13263 -19.681 18.875 0.0020 0.1231 150.07717896 2.3098619 24
511243738  150.07435608 2.3050561 VUDS-J100017.84+021818.2 32480 5.1874 9 24.557 2 685993000 329146000 928948000 10.4024 10.2063 10.5574 1.6574 1.10949 1.93907 -8.73963 -9.38857 -8.33311 -23.223 24.053 0.172 5.1874 150.07435608 2.3050561 9
511244010  150.13882446 2.30706906 VUDS-J100033.31+021825.4 10701 3.2879 3 24.289 3 673412000 372389000 1163800000 9.74496 9.56894 9.88929 1.12218 0.99569 1.24416 -8.62532 -8.86794 -8.38427 -21.614 23.667 0.116 3.2879 150.13882446 2.30706906 3
511244275  150.07060242 2.3052249 VUDS-J100016.94+021818.8 10540 2.9387 1 24.303 13 1090600000 574124000 1690590000 10.4602 10.3467 10.5634 1.60878 1.43157 1.76932 -8.85768 -9.08644 -8.60923 -23.309 23.172 0.078 2.9387 150.07060242 2.3052249 1
511244334  150.08956909 2.29800701 VUDS-J100021.49+021752.8 9866 3.8322 2 24.386 10 130582000 51220700 305268000 9.39693 9.19655 9.58333 1.52171 1.28705 1.73111 -7.88501 -8.22916 -7.51997 -21.5 24.312 0.214 3.8322 150.08956909 2.29800701 2
511244353  150.09921265 2.29843712 VUDS-J100023.81+021754.3 9908 2.3826 1 23.291 1 314379000 141291000 622692000 9.87572 9.71054 10.0112 1.54776 1.40234 1.72366 -8.35581 -8.60997 -8.01517 -22.564 23.37 0.089 2.3826 150.09921265 2.29843712 1
511244389  150.09701538 2.29567599 VUDS-J100023.28+021744.4 9683 0.0000 4 24.152 1 415921000 141041000 2066910000 7.31563 7.24126 7.38082 -2.62196 -2.99219 -2.30395 -8.67665 -9.41775 -8.07442 22.992 22.992 0.082 0.0 150.09701538 2.29567599 4
511244572  150.09376526 2.30411506 VUDS-J100022.50+021814.8 10446 1.8921 2 24.823 5 352938000 161870000 680811000 9.12178 8.94023 9.27146 0.762655 0.607064 0.990398 -8.34587 -8.62685 -8.02635 -20.363 24.087 0.217 1.8921 150.09376526 2.30411506 2
511244889  150.14743042 2.30163193 VUDS-J100035.38+021805.8 10201 3.3058 3 23.870 3 815933000 561453000 1153050000 10.1824 10.0747 10.2737 1.40749 1.33183 1.48339 -8.77319 -8.88614 -8.63327 -22.402 22.654 0.058 3.3058 150.14743042 2.30163193 3
511245061  150.13021851 2.30009508 VUDS-J100031.25+021800.3 10082 2.5487 22 24.493 13 417143000 219586000 756598000 9.76836 9.61355 9.90291 1.36021 1.19804 1.4763 -8.40991 -8.66575 -8.15342 -22.1 23.764 0.134 2.5487 150.13021851 2.30009508 22
511245062  150.12980652 2.30009294 VUDS-J100031.15+021800.3 10059 2.4615 2 24.857 9 1606840000 1035080000 2107710000 9.88441 9.75373 9.99136 0.841616 0.747503 0.950509 -9.04311 -9.17642 -8.85842 -21.712 -99.9 -99.9 2.4615 150.12980652 2.30009294 2
511245108  150.12228394 2.29984307 VUDS-J100029.34+021759.4 10125 2.1235 2 24.488 11 50965100 46593700 55746600 9.33173 9.28452 9.38643 1.9828 1.90311 2.0625 -7.31706 -7.39666 -7.23746 -21.181 23.052 0.059 2.1235 150.12228394 2.29984307 2
511245269  150.11506653 2.29954195 VUDS-J100027.61+021758.3 10034 2.4920 3 24.782 8 488865000 235438000 889156000 9.60676 9.42376 9.74888 1.08603 0.940126 1.2693 -8.5125 -8.76204 -8.17854 -21.294 23.718 0.152 2.492 150.11506653 2.29954195 3
511245286  150.10998535 2.29870391 VUDS-J100026.39+021755.3 9909 2.5792 4 24.910 8 744516000 362351000 1328190000 9.46206 9.26331 9.62341 0.770589 0.640814 0.939409 -8.69269 -8.93799 -8.38324 -20.965 24.341 0.217 2.5792 150.10998535 2.29870391 4
511245444  150.14608765 2.29711103 VUDS-J100035.06+021749.5 9786 3.0385 4 24.329 5 1098010000 714810000 1562730000 9.71699 9.57639 9.83603 0.867191 0.789762 0.960255 -8.84764 -8.99009 -8.67939 -21.104 23.673 0.116 3.0385 150.14608765 2.29711103 4
511248199  150.05664062 2.44539404 VUDS-J100013.59+022643.4 21882 3.0497 3 24.963 10 227276000 104456000 499912000 9.03156 8.78301 9.25906 0.861955 0.728604 1.06503 -8.14457 -8.48401 -7.76182 -20.406 24.823 0.329 3.0497 150.05664062 2.44539404 3
511251542  150.05931091 2.42133594 VUDS-J100014.23+022516.8 20165 2.5474 3 24.221 1 344268000 173577000 784473000 10.193 10.0755 10.2933 1.80193 1.45067 1.99269 -8.41811 -8.8373 -8.10833 -22.661 22.771 0.061 2.5474 150.05931091 2.42133594 3
511254260  150.05787659 2.40095401 VUDS-J100013.88+022403.4 18476 2.634 1 24.471 13 438013000 306022000 785241000 10.6001 10.5189 10.6903 2.15586 2.04862 2.25041 -8.44789 -8.5794 -8.33032 -24.181 22.641 0.047 2.634 150.05787659 2.40095401 1
511257081  150.05366516 2.374259 VUDS-J100012.87+022227.3 16325 3.556 1 24.815 11 96468700 48554200 176309000 9.13854 8.97126 9.32057 1.45519 1.23043 1.65416 -7.66127 -8.04276 -7.31612 -20.833 24.82 0.321 3.556 150.05366516 2.374259 1
511257095  150.05230713 2.36860991 VUDS-J100012.55+022206.9 15797 3.397 1 24.985 1 217862000 54599600 704919000 10.1451 9.95439 10.3188 1.88732 1.6404 2.31141 -8.17578 -8.63538 -7.65254 -23.684 23.892 0.135 3.397 150.05230713 2.36860991 1
511260418  150.05490112 2.36191511 VUDS-J100013.17+022142.8 15309 2.5183 2 24.787 9 1596090000 1252860000 2073350000 10.7964 10.7184 10.8744 1.77303 1.68011 1.85875 -9.04132 -9.17094 -8.92971 -24.077 22.618 0.043 2.5183 150.05490112 2.36191511 2
511261952  150.05834961 2.35261011 VUDS-J100014.00+022109.3 14429 0.8518 9 24.879 11 173066000 55227600 592265000 8.51609 8.31547 8.73788 0.481457 0.142055 0.690035 -8.04783 -8.56034 -7.6219 -18.873 24.031 0.155 0.8518 150.05834961 2.35261011 9
511263274  150.05322266 2.33562589 VUDS-J100012.77+022008.2 12992 2.6967 3 24.344 5 315312000 158695000 511548000 9.61346 9.48202 9.73892 1.34431 1.17934 1.48889 -8.25905 -8.52314 -8.01562 -21.507 23.478 0.102 2.6967 150.05322266 2.33562589 3
511265048  150.05186462 2.33257508 VUDS-J100012.44+021957.2 12756 3.3703 3 24.734 3 516138000 223384000 1002110000 9.69 9.47841 9.85164 1.14893 0.988104 1.36132 -8.5447 -8.8211 -8.15465 -21.514 24.245 0.117 3.3703 150.05186462 2.33257508 3
511265716  150.05659485 2.3263061 VUDS-J100013.58+021934.7 12278 2.9803 3 24.512 4 1791480000 1402730000 2031400000 10.483 10.3837 10.5845 1.24406 1.04105 1.42577 -9.19728 -9.53809 -9.03676 -23.41 23.537 0.105 2.9803 150.05659485 2.3263061 3
511451872  150.1086731 2.55313301 VUDS-J100026.08+023311.2 29038 6.4418 1 24.565 1 352852000 150737000 632474000 10.576 10.363 10.7365 2.20656 1.97765 2.44898 -8.36844 -8.68478 -8.00116 -24.04 23.702 0.122 6.4418 150.1086731 2.55313301 1
511451895  150.10719299 2.5537169 VUDS-J100025.72+023313.3 28490 2.2597 1 24.565 12 173467000 97010200 386799000 9.2786 9.08255 9.44999 1.20338 1.0561 1.36638 -8.0741 -8.36496 -7.71641 -21.381 24.107 0.174 2.2597 150.10719299 2.5537169 1
511452936  150.13273621 2.551862 VUDS-J100031.85+023306.7 28911 2.9807 3 24.867 11 676282000 287371000 1388590000 9.4374 9.20034 9.62131 0.77847 0.579295 1.01678 -8.65668 -8.97825 -8.24318 -21.054 24.742 0.317 2.9807 150.13273621 2.551862 3
511452944  150.1270752 2.548769 VUDS-J100030.49+023255.5 28622 3.0430 2 24.934 1 501122000 218198000 1045550000 9.75421 9.55774 9.91207 1.21564 1.02099 1.44128 -8.54245 -8.85652 -8.14935 -21.768 -99.9 -99.9 3.043 150.1270752 2.548769 2
511453215  150.10015869 2.55263305 VUDS-J100024.03+023309.4 28725 3.3566 2 24.834 2 497287000 234090000 947906000 9.84889 9.66599 9.99324 1.3166 1.15042 1.49717 -8.53433 -8.81388 -8.1715 -21.961 23.817 0.117 3.3566 150.10015869 2.55263305 2
511453677  150.11155701 2.54973507 VUDS-J100026.77+023259.0 28849 3.0247 13 23.742 7 1706600000 1329380000 1977900000 11.2787 11.2168 11.336 2.19675 2.12855 2.26698 -9.09194 -9.17207 -9.01738 -25.087 21.604 0.021 3.0247 150.11155701 2.54973507 13
511453930  150.11300659 2.54828191 VUDS-J100027.12+023253.8 28403 2.4745 4 24.289 10 112590000 50408900 212090000 8.99633 8.80184 9.15492 1.16434 1.04157 1.38556 -7.78413 -8.08483 -7.52327 -19.956 23.725 0.148 2.4745 150.11300659 2.54828191 4
511454029  150.08822632 2.54746699 VUDS-J100021.17+023250.8 28584 3.0759 2 24.934 2 382105000 157323000 812785000 9.34057 9.10222 9.54363 0.944118 0.762423 1.13504 -8.39673 -8.71633 -8.01673 -20.767 -99.9 -99.9 3.0759 150.08822632 2.54746699 2
511454055  150.09724426 2.54588509 VUDS-J100023.33+023245.1 28579 3.6143 2 23.566 8 1058730000 591849000 1463020000 10.1224 9.97807 10.2405 1.28241 1.1209 1.41612 -8.85339 -9.04651 -8.60385 -22.789 23.866 0.135 3.6143 150.09724426 2.54588509 2
511454231  150.09197998 2.54471302 VUDS-J100022.07+023240.9 28439 2.9858 2 23.181 11 50126100 46346900 54213400 9.60015 9.56605 9.63425 2.29684 2.22873 2.36701 -7.30022 -7.36837 -7.23207 -21.992 23.037 0.063 2.9858 150.09197998 2.54471302 2
511454789  150.06811523 2.54212999 VUDS-J100016.34+023231.6 28369 2.1484 3 24.558 1 269577000 123188000 498658000 9.30208 9.12244 9.45052 1.05333 0.905744 1.28234 -8.23449 -8.51141 -7.89745 -20.848 -99.9 -99.9 2.1484 150.06811523 2.54212999 3
511454886  150.08508301 2.54205608 VUDS-J100020.41+023231.4 28372 1.1622 22 25.189 5 1693240000 626243000 3551830000 9.06382 8.8947 9.21685 -0.00636891 -0.222047 0.299971 -9.07373 -9.41643 -8.6216 -19.542 24.073 0.161 1.1622 150.08508301 2.54205608 22
511454988  150.13702393 2.54127598 VUDS-J100032.88+023228.5 28308 2.1374 2 24.421 1 342488000 189474000 742263000 9.87492 9.76623 9.98115 1.27424 0.838995 1.59341 -8.63125 -9.09963 -8.18415 -21.988 23.042 0.075 2.1374 150.13702393 2.54127598 2
511462607  150.10084534 2.48639107 VUDS-J100024.20+022911.0 24659 3.8363 2 24.996 2 954062000 553490000 1335120000 10.1609 10.0009 10.2808 1.25927 0.962804 1.48951 -8.90747 -9.23715 -8.60353 -22.496 -99.9 -99.9 3.8363 150.10084534 2.48639107 2
511462961  150.1113739 2.48699808 VUDS-J100026.73+022913.1 24764 2.3291 2 24.436 13 50191600 46366200 54332500 9.20151 9.16648 9.23654 1.89706 1.829 1.96703 -7.30303 -7.37308 -7.23297 -21.862 23.321 0.09 2.3291 150.1113739 2.48699808 2
511463302  150.12669373 2.48228312 VUDS-J100030.40+022856.2 24373 0.6548 3 24.429 13 55072500 47763800 161484000 8.43259 8.34928 8.59381 0.768794 0.556676 1.08961 -7.62788 -8.01424 -7.27468 -19.972 23.353 0.116 0.6548 150.12669373 2.48228312 3
511463557  150.12016296 2.48228407 VUDS-J100028.83+022856.2 24408 2.4794 1 24.649 1 668150000 305985000 1603970000 10.282 10.1589 10.3895 1.61138 1.30805 1.83336 -8.68588 -9.07269 -8.37781 -22.91 22.72 0.061 2.4794 150.12016296 2.48228407 1
511463578  150.13682556 2.48253489 VUDS-J100032.83+022857.1 24391 4.0073 3 24.956 11 387392000 155675000 804114000 9.53982 9.29273 9.74612 1.15625 0.997149 1.36477 -8.38234 -8.68567 -8.00655 -21.669 -99.9 -99.9 4.0073 150.13682556 2.48253489 3
511463719  150.07696533 2.47734094 VUDS-J100018.47+022838.4 24059 2.4719 3 24.229 1 619496000 348072000 1219290000 10.0072 9.88755 10.1249 1.3288 1.07809 1.4682 -8.70475 -9.05028 -8.47067 -22.26 23.31 0.093 2.4719 150.07696533 2.47734094 3
511464295  150.072052 2.47751808 VUDS-J100017.29+022839.0 24044 2.8725 2 23.76 11 1511030000 681992000 3461510000 7.67967 7.56745 7.82204 -1.33261 -1.62171 -1.03509 -9.01793 -9.39371 -8.6565 -16.457 23.672 0.131 0.2641 150.072052 2.47751808 3
511464300  150.07498169 2.4778409 VUDS-J100017.99+022840.2 24058 3.3743 4 24.795 4 474992000 203214000 919696000 9.58089 9.36567 9.76156 1.06928 0.941327 1.2737 -8.49517 -8.76039 -8.12516 -21.239 24.172 0.227 3.3743 150.07498169 2.4778409 4
511464730  150.06117249 2.4745369 VUDS-J100014.68+022828.3 23841 3.395 2 24.809 12 176507000 107076000 365305000 10.0501 9.91259 10.1868 1.9708 1.81531 2.06904 -8.06642 -8.34919 -7.89013 -23.265 23.469 0.107 3.395 150.06117249 2.4745369 1
511465281  150.06411743 2.46984291 VUDS-J100015.38+022811.4 23584 3.641 33 24.288 13 137559000 52798500 291923000 9.36064 9.19715 9.53062 1.43673 1.28312 1.64333 -7.93206 -8.18525 -7.57596 -21.502 24.09 0.243 3.62 150.06411743 2.46984291 9
511465653  150.12161255 2.46815896 VUDS-J100029.18+022805.3 23441 3.1161 3 24.95 1 352726000 152226000 734540000 9.5568 9.36221 9.73711 1.19267 1.01719 1.38701 -8.36923 -8.67962 -8.01365 -21.544 24.777 0.351 3.1161 150.12161255 2.46815896 3
511466268  150.08972168 2.46296811 VUDS-J100021.53+022746.6 23126 4.6734 2 24.574 13 196805000 94392600 459101000 10.2194 10.0255 10.4006 2.12193 1.89354 2.34552 -8.08688 -8.47584 -7.66474 -24.09 22.993 0.066 4.6734 150.08972168 2.46296811 2
511466339  150.09544373 2.46301603 VUDS-J100022.90+022746.8 23141 3.4139 2 24.465 10 55346200 47839700 131054000 9.25185 9.08996 9.36465 1.65501 1.47858 1.76679 -7.57529 -7.83547 -7.28551 -21.719 23.124 0.075 3.4139 150.09544373 2.46301603 2
511479277  150.05305481 2.53840804 VUDS-J100012.73+023218.2 28153 2.4463 9 24.971 2 137106000 52411900 363949000 9.67797 9.47711 9.88049 1.77474 1.44455 1.88327 -7.89717 -8.43396 -7.62081 -22.464 23.5 0.11 2.4463 150.05305481 2.53840804 9
511489252  150.05967712 2.47008801 VUDS-J100014.32+022812.3 23589 2.295 1 24.069 6 708387000 353390000 1150530000 9.92982 9.80344 10.0389 1.27412 1.14429 1.44495 -8.6827 -8.87109 -8.3849 -22.192 23.16 0.102 2.295 150.05967712 2.47008801 1
5120995916 150.19116211 2.28008008 VUDS-J100045.88+021648.2 8367 2.8202 2 24.535 13 176349000 97939300 375853000 9.4571 9.26834 9.62895 1.40569 1.25401 1.50056 -8.05373 -8.34358 -7.73651 -21.606 -99.9 -99.9 2.8202 150.19116211 2.28008008 2
5120996922 150.14660645 2.27185702 VUDS-J100035.18+021618.6 7737 2.5595 2 24.622 10 225571000 111227000 478008000 9.41209 9.22549 9.57589 1.23765 1.01915 1.44794 -8.15984 -8.4989 -7.84765 -21.246 23.953 0.185 2.5595 150.14660645 2.27185702 2
5121002466 150.18370056 2.235708 VUDS-J100044.08+021408.5 4796 3.0053 1 24.986 2 1628090000 952223000 1961010000 10.027 9.91056 10.1437 0.786071 0.600411 0.953869 -9.21019 -9.54477 -9.02363 -22.05 24.202 0.196 3.0053 150.18370056 2.235708 1
5121227995 150.14370728 2.41288495 VUDS-J100034.48+022446.3 35472 5.9365 1 24.803 2 -99.0 -99.0 -99.0 -99.0 -99.0 -99.0 -99.0 -99.0 -99.0 -99.0 -99.0 -99.0 -22.47 24.498 0.242 5.9365 150.14370728 2.41288495 1
5121228702 150.15496826 2.41266203 VUDS-J100037.19+022445.5 19443 3.6028 2 24.889 3 1334790000 980803000 1572030000 9.8757 9.75342 10.0279 0.829103 0.740069 0.955028 -9.04627 -9.21908 -8.89465 -22.058 23.841 0.133 3.6028 150.15496826 2.41266203 2
5121244426 150.17303467 2.3048141 VUDS-J100041.52+021817.3 10525 3.0683 2 23.967 3 712923000 423043000 1073380000 9.65614 9.48922 9.78332 0.951492 0.848537 1.12486 -8.68994 -8.85856 -8.40284 -21.365 23.736 0.124 3.0683 150.17303467 2.3048141 2
5131010085 150.15454102 2.1871531 VUDS-J100037.08+021113.7 515 3.2692 1 25.073 12 246907000 104014000 668499000 10.0968 9.90264 10.2871 1.93948 1.61928 2.103 -8.13698 -8.65511 -7.79314 -23.022 23.469 0.113 3.2692 150.15454102 2.1871531 1
5131463678 150.19586182 2.48250008 VUDS-J100047.00+022856.9 24389 4.0320 3 25.186 2 1168530000 1026060000 1336680000 10.7869 10.7055 10.8976 0.874889 0.756038 1.72251 -9.86457 -10.0559 -9.11702 -23.939 23.796 0.167 4.032 150.19586182 2.48250008 3
5131466685 150.19128418 2.46022105 VUDS-J100045.90+022736.7 22947 0.0000 3 25.154 -999 -99.0 -99.0 -99.0 -99.0 -99.0 -99.0 -99.0 -99.0 -99.0 -99.0 -99.0 -99.0 -99.99 23.417 0.107 0.0 150.19128418 2.46022105 3
5140000196 150.20507812 2.39452052 VUDS-J100049.21+022340.2 17962 4.9206 1 25.601 -999 -99.0 -99.0 -99.0 -99.0 -99.0 -99.0 -99.0 -99.0 -99.0 -99.0 -99.0 -99.0 -99.99 -99.9 -99.9 4.9206 150.20507812 2.39452052 1
5150100059 150.16760254 2.31769991 VUDS-J100040.22+021903.7 -99.9 5.7143 9 24.9 1 330573000 125377000 660444000 9.54166 9.24859 9.84201 1.22038 0.979499 1.5353 -8.31748 -8.67018 -7.91344 -21.406 -99.9 -99.9 5.7143 150.16760254 2.31769991 9
5170092067 150.16036987 2.24597907 VUDS-J100038.48+021445.5 5650 0.0000 4 24.37 6 50288600 46394900 54509100 7.44207 7.36066 7.51322 -2.87693 -3.00266 -2.74391 -7.70249 -7.77281 -7.63247 22.933 22.933 0.057 0.0 150.16036987 2.24597907 4
5170092993 150.15727234 2.25148702 VUDS-J100037.74+021505.3 6087 0.0000 4 23.785 5 1057910000 237482000 6607180000 7.17496 7.02004 7.53282 -2.77821 -3.07615 -2.21098 -8.87263 -9.93575 -8.1755 23.176 23.176 0.083 0.0 150.15727234 2.25148702 4
5170103321 150.20213318 2.31016707 VUDS-J100048.51+021836.6 10955 0.0000 4 23.465 4 -99.0 -99.0 -99.0 -99.0 -99.0 -99.0 -99.0 -99.0 -99.0 -99.0 -99.0 -99.0 22.216 22.216 0.037 0.0 150.20213318 2.31016707 4
5170103908 150.16996765 2.31311393 VUDS-J100040.79+021847.2 11188 0.0000 4 23.857 5 11834300000 50544200 13320200000 7.53704 7.50206 7.57865 -2.87465 -2.95743 -2.80611 -10.3696 -10.4922 -7.59842 23.267 23.267 0.091 0.0 150.16996765 2.31311393 4
5170115232 150.20368958 2.37774396 VUDS-J100048.88+022239.8 16630 3.8373 2 24.761 11 50121400 46345500 54204900 10.75 10.716 10.784 3.39995 3.33192 3.46798 -7.30005 -7.36809 -7.23202 -25.046 21.91 0.024 3.8373 150.20368958 2.37774396 2
5170129092 150.2016449 2.4576931 VUDS-J100048.39+022727.6 22786 0.0000 4 22.813 4 -99.0 -99.0 -99.0 -99.0 -99.0 -99.0 -99.0 -99.0 -99.0 -99.0 -99.0 -99.0 20.703 20.703 0.01 0.0 150.2016449 2.4576931 4
5170131678 150.19395447 2.47101593 VUDS-J100046.55+022815.6 23651 2.4009 3 24.527 2 753981000 375794000 1272500000 9.88375 9.73428 10.0159 1.16427 1.03904 1.33661 -8.72056 -8.92562 -8.4315 -22.101 23.536 0.137 2.4009 150.19395447 2.47101593 3
5170134721 150.18475342 2.48860312 VUDS-J100044.33+022918.9 24858 0.0000 4 22.654 4 -99.0 -99.0 -99.0 -99.0 -99.0 -99.0 -99.0 -99.0 -99.0 -99.0 -99.0 -99.0 21.094 21.094 0.014 0.0 150.18475342 2.48860312 4
5181222312 150.18655396 2.45533109 VUDS-J100044.77+022719.1 22684 3.0146 1 25.386 2 1714660000 1492810000 1911050000 11.1729 11.1215 11.2908 0.369537 0.254562 1.45304 -10.8318 -10.9462 -9.8943 -24.821 22.252 0.032 3.0146 150.18655396 2.45533109 1
5181242844 150.16322327 2.31426406 VUDS-J100039.17+021851.3 11487 5.3353 1 25.654 1 550668000 368130000 892131000 10.9597 10.8668 11.1038 1.90212 0.985706 2.57096 -9.15479 -9.91626 -8.43616 -24.152 24.143 0.081 5.3353 150.16322327 2.31426406 1
5181246058 150.17736816 2.45722795 VUDS-J100042.56+022726.0 22724 3.6118 1 25.617 13 148598000 53476700 348272000 9.54256 9.35679 9.74 1.57531 1.35328 1.78825 -7.97174 -8.3136 -7.61036 -21.811 24.641 0.335 3.6118 150.17736816 2.45722795 1
5181465570 150.1474762 2.46836305 VUDS-J100035.39+022806.1 23457 3.2353 1 25.555 13 363528000 116822000 860334000 10.004 9.79107 10.1815 1.58027 1.4161 1.96379 -8.42809 -8.74099 -7.85076 -22.744 24.005 0.159 3.2353 150.1474762 2.46836305 1
5181466520 150.15885925 2.46121097 VUDS-J100038.12+022740.3 36576 4.5202 3 25.331 11 347340000 117209000 843820000 9.38677 8.93504 9.83504 1.04064 0.827976 1.33327 -8.32132 -8.74172 -7.85405 -18.991 -99.9 -99.9 4.5202 150.15885925 2.46121097 3
519711055  150.13505554 2.48604393 VUDS-J100032.41+022909.7 24631 4.815 3 88.0 -999 -99.0 -99.0 -99.0 -99.0 -99.0 -99.0 -99.0 -99.0 -99.0 -99.0 -99.0 -99.0 -99.99 -99.9 -99.9 4.815 150.13505554 2.48604393 3
