#vuds_ident alpha delta spmask_obs quad slit obj det meanflux sn maxdel rmsdel z_spec zflags id_iau id_candels magi
5101453329 150.14610291 2.55292702 F51P008 2 4 1 OK 48.442 1.291 1.914 0.963 3.4140 3 VUDS-J100035.06+023310.5 28761 24.792
5101455236 150.14929199 2.54051089 F51P008 2 7 1 OK 49.907 1.456 1.333 0.745 0.5347 2 VUDS-J100035.82+023225.8 28271 24.922
5101455804 150.15777588 2.53596306 F51P008 2 19 1 OK 98.279 2.358 1.212 0.575 3.2160 2 VUDS-J100037.86+023209.4 27923 24.291
5101453709 150.16226196 2.5494411 F51P008 2 26 1 OK 54.737 1.379 1.67 0.864 2.2832 2 VUDS-J100038.94+023257.9 28784 24.845
5101454898 150.16403198 2.54132295 F51P008 2 29 2 OK 17.343 0.79 0.71 0.469 0.6905 4 VUDS-J100039.36+023228.7 28343 24.415
5101454897 150.16435242 2.54133105 F51P008 2 29 3 OK 58.503 1.769 0.71 0.469 2.3413 21 VUDS-J100039.44+023228.7 28314 23.772
5101454003 150.16633606 2.54274392 F51P008 2 33 1 OK 88.274 2.174 0.808 0.425 3.0919 2 VUDS-J100039.91+023233.8 28670 24.175
5101455396 150.16841125 2.53894806 F51P008 2 36 1 OK 41.085 1.084 1.754 0.935 1.3234 22 VUDS-J100040.41+023220.2 28081 23.115
5101455135 150.17459106 2.5405829 F51P008 2 41 1 OK 125.888 3.049 1.715 0.775 1.2647 9 VUDS-J100041.90+023226.0 28220 23.609
5110445455 150.17359924 2.54047489 F51P008 2 41 2 OK 0.008 0.832 1.715 0.775 1.1941 29 VUDS-J100041.66+023225.7 28260 24.384
5101453287 150.17778015 2.55310512 F51P008 2 44 1 OK 90.384 2.236 1.446 0.746 2.9311 4 VUDS-J100042.66+023311.1 28408 24.786
5101452699 150.17962646 2.55701303 F51P008 2 47 1 OK 99.842 3.078 1.067 0.662 2.3100 32 VUDS-J100043.11+023325.2 28900 24.477
5101455698 150.18057251 2.53587294 F51P008 2 49 1 OK 17.183 1.213 0.223 0.139 0.8950 23 VUDS-J100043.33+023209.1 27921 23.521
5101452988 150.18293762 2.55516195 F51P008 2 52 1 OK 413.058 1.929 1.683 1.085 2.2340 4 VUDS-J100043.90+023318.5 28996 23.11
5101454533 150.18431091 2.54348397 F51P008 2 55 1 OK 202.407 2.406 2.07 1.034 2.7597 3 VUDS-J100044.23+023236.5 28540 23.942
5101453973 150.18763733 2.54787707 F51P008 2 58 1 OK 43.675 1.031 1.033 0.588 2.6130 1 VUDS-J100045.03+023252.3 28515 24.898
5101454346 150.19970703 2.54534698 F51P008 2 70 1 OK 42.121 1.502 1.727 0.924 3.9900 3 VUDS-J100047.92+023243.2 28886 24.34
5100997733 150.14434814 2.2668879 F51P006 2 1 1 OK 3.943 3.922 0.619 0.296 3.0019 3 VUDS-J100034.64+021600.7 -99.9 24.444
5110334085 150.14517212 2.329422 F51P006 2 2 1 OK 0.288 0.627 2.017 1.187 4.1292 1 VUDS-J100034.84+021945.9 12527 24.937
5120996922 150.14660645 2.27185702 F51P006 2 3 1 OK 1.363 1.768 1.096 0.634 2.5595 2 VUDS-J100035.18+021618.6 7737 24.622
5110326991 150.14653015 2.31717396 F51P006 2 4 1 OK 0.312 0.665 1.986 0.947 2.6200 1 VUDS-J100035.16+021901.8 11521 24.886
5100995119 150.14807129 2.28523111 F51P006 2 5 1 OK 0.802 0.906 0.634 0.331 3.0291 2 VUDS-J100035.53+021706.8 8833 24.884
5101238946 150.14840698 2.33748889 F51P006 2 6 1 OK 0.459 0.855 2.224 0.953 1.1891 1 VUDS-J100035.61+022014.9 13174 24.07
5101002120 150.14956665 2.23819208 F51P006 2 7 1 OK 1.246 1.867 1.894 1.037 2.0980 1 VUDS-J100035.89+021417.4 5043 24.972
5101242482 150.14906311 2.31679392 F51P006 2 8 1 OK 1.525 1.035 1.167 0.697 0.3551 24 VUDS-J100035.77+021900.4 11545 22.851
5101242475 150.15046692 2.31660008 F51P006 2 8 2 OK 3.499 3.015 1.167 0.697 2.2758 2 VUDS-J100036.11+021859.7 11518 24.636
5101001055 150.15161133 2.24576306 F51P006 2 9 1 OK 1.689 2.322 1.801 0.926 1.6250 1 VUDS-J100036.38+021444.7 5705 23.987
5101236872 150.15214539 2.35679889 F51P006 2 11 1 OK 2.451 2.327 2.111 1.164 2.2909 1 VUDS-J100036.51+022124.4 14820 24.628
5101000980 150.15356445 2.24620104 F51P006 2 12 1 OK 4.028 4.598 1.304 0.78 2.1553 1 VUDS-J100036.85+021446.3 5707 24.274
5100994969 150.15342712 2.28604698 F51P006 2 13 1 OK 1.92 0.528 1.018 0.463 3.3839 1 VUDS-J100036.82+021709.7 8896 24.92
5101239530 150.15371704 2.33701611 F51P006 2 14 1 OK 2.421 2.651 1.177 0.619 2.4408 2 VUDS-J100036.89+022013.2 13099 24.518
5110295022 150.15513611 2.25663495 F51P006 2 15 1 OK 0.839 0.749 1.502 0.694 2.4727 2 VUDS-J100037.23+021523.8 6467 24.876
5101242689 150.15608215 2.31531596 F51P006 2 16 2 OK 0.833 1.354 1.421 0.818 2.5485 21 VUDS-J100037.45+021855.1 11372 25.723
5101236815 150.15621948 2.35590005 F51P006 2 17 1 OK 2.95 2.581 2.097 1.025 2.6012 1 VUDS-J100037.49+022121.2 14771 24.179
5170092993 150.15727234 2.25148702 F51P006 2 18 1 OK 1.315 1.626 1.369 0.83 0.0000 4 VUDS-J100037.74+021505.3 6087 23.785
5101245800 150.15736389 2.29496408 F51P006 2 19 1 OK 2.172 1.269 1.365 0.636 0.6850 4 VUDS-J100037.76+021741.8 9617 24.375
5101237678 150.15788269 2.34730196 F51P006 2 20 1 OK 0.987 1.393 1.972 0.864 0.0000 4 VUDS-J100037.89+022050.2 13991 23.625
5170092067 150.16036987 2.24597907 F51P006 2 21 2 OK 0.141 0.452 1.043 0.509 0.0000 4 VUDS-J100038.48+021445.5 5650 24.37
5100994936 150.15925598 2.28497696 F51P006 2 22 1 OK 1.243 1.738 1.066 0.699 2.8269 2 VUDS-J100038.21+021705.9 8817 24.873
5101237723 150.16078186 2.34923792 F51P006 2 23 1 OK 2.029 1.897 2.464 1.207 2.3068 2 VUDS-J100038.58+022057.2 14168 24.876
5101001041 150.16252136 2.24579906 F51P006 2 24 1 OK 0.145 0.443 1.091 0.56 4.3853 2 VUDS-J100039.00+021444.8 5654 24.686
5181242844 150.16322327 2.31426406 F51P006 2 25 1 OK 0.198 0.549 1.833 0.911 5.3353 1 VUDS-J100039.17+021851.3 11487 25.654
5101236151 150.16340637 2.36029696 F51P006 2 26 1 OK 6.158 3.884 1.545 0.839 2.8221 3 VUDS-J100039.21+022137.0 15130 23.822
5100998761 150.16477966 2.26069689 F51P006 2 27 1 OK 1.955 2.711 1.532 0.874 2.4460 4 VUDS-J100039.54+021538.5 6749 24.902
5101239631 150.16572571 2.33618212 F51P006 2 28 1 OK 0.783 0.964 2.658 1.224 2.8777 1 VUDS-J100039.77+022010.2 13048 24.951
5100996069 150.16717529 2.27849102 F51P006 2 30 1 OK 0.401 0.869 1.612 0.816 3.1692 22 VUDS-J100040.12+021642.5 8242 25.099
5100996068 150.16772461 2.27846694 F51P006 2 30 2 OK 4.461 4.769 1.612 0.816 0.1868 4 VUDS-J100040.25+021642.4 8249 23.783
5150100059 150.16760254 2.31769991 F51P006 2 31 1 OK 0.002 0.162 1.052 0.673 5.7143 9 VUDS-J100040.22+021903.7 -99.9 24.9
5101236942 150.16723633 2.35573602 F51P006 2 32 1 OK 1.029 0.994 1.313 0.762 1.2613 1 VUDS-J100040.13+022120.6 14782 23.948
5101001738 150.16914368 2.23839498 F51P006 2 33 1 OK 4.963 3.574 1.557 0.773 2.9967 2 VUDS-J100040.59+021418.2 5145 23.039
5101242525 150.16952515 2.3131671 F51P006 2 34 1 OK 1.139 1.781 1.287 0.729 1.0450 22 VUDS-J100040.68+021847.4 11183 24.884
5170103908 150.16996765 2.31311393 F51P006 2 34 2 OK 0.2 0.585 1.287 0.729 0.0000 4 VUDS-J100040.79+021847.2 11188 23.857
5101236265 150.17001343 2.36076903 F51P006 2 35 1 OK 2.37 2.357 1.948 1.103 2.4626 2 VUDS-J100040.80+022138.7 15169 25.0
5100994794 150.17146301 2.28725791 F51P006 2 36 1 OK 0.002 0.197 1.544 0.964 4.5783 3 VUDS-J100041.15+021714.1 9000 24.662
5101236710 150.17173767 2.35718703 F51P006 2 37 1 OK 1.912 2.197 1.379 0.789 0.3209 4 VUDS-J100041.21+022125.8 14836 24.34
5101001747 150.17301941 2.23938107 F51P006 2 38 1 OK 4.59 3.45 1.02 0.54 2.1451 1 VUDS-J100041.52+021421.7 5156 24.012
5121244426 150.17303467 2.3048141 F51P006 2 39 1 OK 2.28 1.119 1.06 0.648 3.0683 2 VUDS-J100041.52+021817.3 10525 23.967
5101236017 150.17338562 2.35804296 F51P006 2 40 1 OK 0.786 1.14 2.246 1.067 0.6238 3 VUDS-J100041.61+022128.9 14902 24.997
5100999282 150.17448425 2.25841594 F51P006 2 41 1 OK 2.58 1.669 1.439 0.749 1.2543 2 VUDS-J100041.87+021530.2 6611 24.426
5101242054 150.17501831 2.31498098 F51P006 2 42 1 OK 2.672 3.256 0.589 0.355 1.0440 4 VUDS-J100042.00+021853.9 11391 23.844
5101237150 150.17503357 2.35366797 F51P006 2 43 1 OK 3.654 3.291 1.858 0.88 1.4380 3 VUDS-J100042.00+022113.2 14583 24.151
5101244632 150.17764282 2.30321193 F51P006 2 45 1 OK 0.326 0.376 2.101 0.975 4.5881 2 VUDS-J100042.63+021811.5 10353 24.312
5110347551 150.17796326 2.35370302 F51P006 2 46 1 OK 2.862 2.314 1.883 1.151 2.6629 2 VUDS-J100042.71+022113.3 14532 24.952
5101240553 150.17929077 2.32869196 F51P006 2 48 1 OK 4.135 3.683 1.965 1.039 2.5585 3 VUDS-J100043.02+021943.2 12480 24.051
5101001604 150.18133545 2.241503 F51P006 2 49 1 OK 1.095 1.496 1.663 0.795 3.1582 3 VUDS-J100043.51+021429.4 5299 24.975
5110328102 150.18122864 2.31874394 F51P006 2 50 1 OK 1.045 1.306 1.114 0.739 2.8002 2 VUDS-J100043.49+021907.4 11724 24.767
5101002470 150.18252563 2.2359271 F51P006 2 51 1 OK 0.763 1.303 0.585 0.323 2.1908 22 VUDS-J100043.80+021409.3 4866 23.690
5121002466 150.18370056 2.235708 F51P006 2 51 2 OK 0.788 1.295 0.585 0.323 3.0053 1 VUDS-J100044.08+021408.5 4796 24.986
5101241758 150.18347168 2.32048893 F51P006 2 52 1 OK 1.72 2.275 0.673 0.49 2.8187 1 VUDS-J100044.03+021913.7 11861 24.664
5101001616 150.18554688 2.24180889 F51P006 2 53 1 OK 4.601 4.055 1.006 0.509 0.3381 3 VUDS-J100044.53+021430.5 5380 23.591
5100995077 150.18678284 2.28473496 F51P006 2 54 1 OK 1.671 1.483 1.361 0.686 2.3651 1 VUDS-J100044.82+021705.0 8789 24.87
5100995291 150.18522644 2.28445411 F51P006 2 54 2 OK 0.001 0.17 1.361 0.686 0.9993 22 VUDS-J100044.45+021704.0 8783 24.52
5110332328 150.18589783 2.32699299 F51P006 2 55 1 OK 0.645 0.98 1.375 0.72 2.9635 2 VUDS-J100044.61+021937.1 12334 24.807
5101001924 150.18812561 2.23971701 F51P006 2 56 1 OK 2.818 3.079 0.926 0.471 1.1550 3 VUDS-J100045.15+021422.9 5165 24.392
5101240563 150.18836975 2.32918906 F51P006 2 58 1 OK 3.397 2.958 0.873 0.532 2.2879 3 VUDS-J100045.20+021945.0 12533 24.324
5101002091 150.19056702 2.23656201 F51P006 2 59 1 OK 2.665 2.185 1.925 0.852 3.3212 2 VUDS-J100045.73+021411.6 4865 24.107
5120995916 150.19116211 2.28008008 F51P006 2 60 1 OK 2.491 2.574 0.638 0.364 2.8202 2 VUDS-J100045.88+021648.2 8367 24.535
5170103321 150.20213318 2.31016707 F51P006 2 77 1 OK 0.769 1.383 1.099 0.655 0.0000 4 VUDS-J100048.51+021836.6 10955 23.465
5101002088 150.19245911 2.23661304 F51P006 2 63 1 OK 0.533 1.331 0.455 0.218 3.0874 1 VUDS-J100046.19+021411.8 4859 24.556
5101002097 150.19378662 2.23651195 F51P006 2 63 2 OK 1.422 1.477 0.455 0.218 0.0000 24 VUDS-J100046.50+021411.4 5077 19.345
5101243094 150.19299316 2.31307101 F51P006 2 65 1 OK 5.791 5.274 1.955 1.042 2.6113 2 VUDS-J100046.32+021847.0 11186 23.909
5101236189 150.19293213 2.36124897 F51P006 2 66 1 OK 0.463 0.806 1.269 0.909 2.6419 1 VUDS-J100046.30+022140.4 15184 24.821
5101000103 150.1965332 2.25314689 F51P006 2 67 1 OK 1.143 1.41 1.122 0.669 3.0200 1 VUDS-J100047.16+021511.3 6203 24.844
5101019304 150.19673157 2.29264092 F51P006 2 68 1 OK 2.324 2.626 1.241 0.568 2.1328 2 VUDS-J100047.21+021733.5 9450 24.653
5101236306 150.197 2.35971 F51P006 2 69 1 OK 0.281 0.724 1.85 1.04 2.5729 22 VUDS-J100047.30+022134.9 33991 26.419
5101244930 150.19859314 2.30064392 F51P006 2 71 1 OK 0.262 0.719 1.028 0.501 4.5769 4 VUDS-J100047.66+021802.3 10102 24.059
5101238475 150.19841003 2.34281111 F51P006 2 72 2 OK 0.001 0.1 2.105 0.893 6.0600 9 VUDS-J100047.61+022034.1 13718 24.936
5101002019 150.20021057 2.23903608 F51P006 2 73 2 OK 0.009 0.635 2.294 1.08 4.0714 1 VUDS-J100048.05+021420.5 5099 24.569
5101242332 150.20050049 2.31603503 F51P006 2 74 1 OK 2.561 2.558 1.231 0.801 2.8625 3 VUDS-J100048.11+021857.7 11456 24.846
5101236893 150.20083618 2.35633993 F51P006 2 75 1 OK 2.591 2.462 1.253 0.733 0.7278 3 VUDS-J100048.20+022122.8 14797 24.174
5101002365 150.20195007 2.23722291 F51P006 2 76 1 OK 3.628 3.556 1.349 0.734 1.2436 4 VUDS-J100048.46+021414.0 4976 23.603
5101239099 150.20385742 2.33874202 F51P006 2 80 1 OK 1.398 2.227 1.469 0.808 0.3480 4 VUDS-J100048.92+022019.4 13264 24.577
5100998496 150.20501709 2.26216006 F51P006 2 81 1 OK 0.394 0.805 0.496 0.274 3.8979 4 VUDS-J100049.20+021543.7 6868 24.484
511027638  150.05224609 2.23746991 F51P005 1 21 1 OK 5.780 3.897 1.725 0.791 1.2459 23 VUDS-J100012.53+021414.8 4982 23.674
511265048  150.05186462 2.33257508 F51P005 1 22 1 OK 1.663 1.368 1.586 0.982 3.3703 3 VUDS-J100012.44+021957.2 12756 24.734
511023255  150.05335999 2.26690197 F51P005 1 23 1 OK 0.632 1.214 1.226 0.693 3.1817 1 VUDS-J100012.80+021600.8 7347 24.405
511263274  150.05322266 2.33562589 F51P005 1 24 1 OK 1.930 2.029 0.986 0.585 2.6967 3 VUDS-J100012.77+022008.2 12992 24.344
511260418  150.05490112 2.36191511 F51P005 1 26 1 OK 1.321 1.792 1.549 0.671 2.5183 2 VUDS-J100013.17+022142.8 15309 24.787
511002175  150.06440735 2.23668909 F51P005 1 31 1 OK 19.566 5.789 1.378 0.707 0.2079 24 VUDS-J100015.45+021412.0 5141 20.915
511002172  150.06344604 2.237046 F51P005 1 31 2 OK 0.238 0.714 1.378 0.707 2.2831 1 VUDS-J100015.22+021413.3 4935 24.498
510998294  150.06561279 2.26153398 F51P005 1 33 1 OK 0.164 0.395 1.133 0.541 3.8873 21 VUDS-J100015.74+021541.5 6821 25.810
511238602  150.06562805 2.34247398 F51P005 1 34 1 OK 3.249 2.193 1.785 0.759 2.7648 2 VUDS-J100015.75+022032.9 13612 24.785
511239330  150.06770325 2.33478904 F51P005 1 36 1 OK 0.325 0.598 2.134 1.063 4.3008 2 VUDS-J100016.24+022005.2 12959 24.229
511001230  150.0700531 2.24267101 F51P005 1 37 1 OK 2.777 1.453 0.538 0.359 1.8147 2 VUDS-J100016.81+021433.6 5401 24.854
511244275  150.07060242 2.3052249 F51P005 1 38 1 OK 1.283 1.548 1.256 0.745 2.9387 1 VUDS-J100016.94+021818.8 10540 24.303
511237363  150.07060242 2.35480189 F51P005 1 39 1 OK 0.976 0.958 1.601 0.806 3.6097 2 VUDS-J100016.94+022117.2 14624 24.226
511001461  150.07292175 2.24274397 F51P005 1 40 1 OK 4.663 2.332 1.541 0.871 2.6986 4 VUDS-J100017.50+021433.8 5461 24.059
510994594  150.07244873 2.28263903 F51P005 1 41 1 OK 1.793 0.627 1.436 0.928 3.2950 4 VUDS-J100017.38+021657.5 8577 24.581
511240736  150.07281494 2.3283999 F51P005 1 42 1 OK 0.960 1.121 1.929 0.982 0.3412 1 VUDS-J100017.47+021942.2 12437 24.570
511243738  150.07435608 2.3050561 F51P005 1 43 1 OK 0.001 0.169 1.255 0.879 5.1874 9 VUDS-J100017.84+021818.2 32480 24.557
511001423  150.08062744 2.24284291 F51P005 1 49 1 OK 4.066 1.414 2.807 1.205 2.4416 4 VUDS-J100019.34+021434.2 5437 23.826
510317133  150.08006287 2.29917598 F51P005 1 50 1 OK 2.799 1.345 1.242 0.683 2.9380 4 VUDS-J100019.21+021757.0 9996 24.577
510998698  150.08221436 2.26106691 F51P005 1 52 2 OK 0.001 0.100 1.077 0.695 4.0651 9 VUDS-J100019.73+021539.8 6772 24.961
511239956  150.08209229 2.33358097 F51P005 1 53 1 OK 6.546 4.628 1.240 0.665 1.9255 4 VUDS-J100019.70+022000.8 12862 23.652
510997797  150.08421326 2.26633406 F51P005 1 54 1 OK 2.521 2.447 1.350 0.748 0.2837 4 VUDS-J100020.21+021558.8 7235 24.547
510999024  150.08534241 2.25742888 F51P005 1 56 1 OK 1.646 1.650 1.363 0.623 0.9248 22 VUDS-J100020.48+021526.7 6746 22.272
510999013  150.08616638 2.25785398 F51P005 1 56 2 OK 0.647 1.130 1.363 0.623 3.0338 4 VUDS-J100020.68+021528.2 6543 24.635
510998490  150.0881958 2.26057196 F51P005 1 57 1 OK 1.161 1.169 1.002 0.518 3.0043 1 VUDS-J100021.16+021538.0 6760 24.904
511236742  150.0880127 2.35035706 F51P005 1 58 1 OK 2.831 1.592 1.485 0.679 2.5558 4 VUDS-J100021.12+022101.2 14299 23.809
510999647  150.09089661 2.25502706 F51P005 1 59 1 OK 1.746 1.454 1.433 0.616 0.2820 2 VUDS-J100021.81+021518.0 6359 24.994
511244334  150.08956909 2.29800701 F51P005 1 60 1 OK 1.502 0.715 1.613 0.85 3.8322 2 VUDS-J100021.49+021752.8 9866 24.386
511236775  150.09208679 2.35133791 F51P005 1 64 1 OK 1.040 1.428 1.045 0.532 2.9162 4 VUDS-J100022.09+022104.8 14321 24.602
510998000  150.09388733 2.26566195 F51P005 1 65 1 OK 2.748 2.028 0.540 0.300 2.0978 2 VUDS-J100022.53+021556.3 7201 24.867
511244572  150.09376526 2.30411506 F51P005 1 66 1 OK 2.506 2.160 1.144 0.645 1.8921 2 VUDS-J100022.50+021814.8 10446 24.823
511001467  150.09524536 2.24233699 F51P005 1 67 1 OK 2.801 2.018 1.072 0.475 2.0970 3 VUDS-J100022.85+021432.4 5382 24.434
510994477  150.09535217 2.28722692 F51P005 1 68 1 OK 2.114 1.783 1.158 0.555 1.8256 1 VUDS-J100022.88+021714.0 8991 24.882
511240861  150.09550476 2.32737803 F51P005 1 69 1 OK 0.784 1.147 1.578 0.811 0.3493 3 VUDS-J100022.92+021938.5 12351 24.720
510999708  150.09768677 2.25563002 F51P005 1 70 1 OK 1.409 1.380 0.903 0.523 3.5575 2 VUDS-J100023.44+021520.2 6406 24.671
511244389  150.09701538 2.29567599 F51P005 1 71 1 OK 0.733 0.350 1.492 0.788 0.0000 4 VUDS-J100023.28+021744.4 9683 24.152
511236765  150.09710693 2.34927607 F51P005 1 72 1 OK 2.302 1.816 1.451 0.670 2.4662 4 VUDS-J100023.30+022057.3 14176 22.883
511244353  150.09921265 2.29843712 F51P005 1 73 1 OK 1.278 1.478 1.717 0.901 2.3826 1 VUDS-J100023.81+021754.3 9908 23.291
511236728  150.09892273 2.34693599 F51P005 1 74 1 OK 0.719 0.899 1.020 0.620 2.5512 2 VUDS-J100023.74+022048.9 13963 24.667
511001667  150.10108948 2.24172902 F51P005 1 75 1 OK 4.221 2.946 1.155 0.758 2.6457 4 VUDS-J100024.26+021430.2 5332 24.221
511240251  150.10055542 2.33141708 F51P005 1 76 1 OK 0.798 0.896 1.544 0.830 3.0700 1 VUDS-J100024.13+021953.1 12689 24.811
511002524  150.10527039 2.23548508 F51P005 1 80 1 OK 0.362 0.933 1.560 0.746 2.4872 1 VUDS-J100025.26+021407.7 4774 24.745
511245286  150.10998535 2.29870391 F51P005 1 85 1 OK 0.836 0.998 1.643 0.778 2.5792 4 VUDS-J100026.39+021755.3 9909 24.910
510996058  150.11190796 2.27760792 F51P005 1 87 1 OK 2.344 2.111 1.559 0.787 2.4918 4 VUDS-J100026.85+021639.3 8178 24.787
511001501  150.11526489 2.24191689 F51P005 1 89 1 OK 7.711 1.781 1.814 0.906 2.2203 4 VUDS-J100027.66+021430.9 5351 24.104
511245269  150.11506653 2.29954195 F51P005 1 90 1 OK 2.225 1.549 1.665 0.867 2.4920 3 VUDS-J100027.61+021758.3 10034 24.782
511002072  150.11764526 2.23830199 F51P005 1 91 1 OK -0.446 0.000 1.989 1.107 2.1300 1 VUDS-J100028.23+021417.8 5046 24.861
511221811  150.11694336 2.29333305 F51P005 1 92 1 OK 2.261 1.511 1.117 0.696 1.8190 1 VUDS-J100028.06+021735.9 9480 24.470
511221812  150.11810303 2.29329395 F51P005 1 92 2 OK 21.791 7.126 1.117 0.696 0.2821 24 VUDS-J100028.34+021735.8 9632 21.651
511234877  150.11732483 2.34794497 F51P005 1 93 1 OK 0.246 0.435 2.174 1.039 5.9409 9 VUDS-J100028.15+022052.6 14014 23.452
510995442  150.11947632 2.28459501 F51P005 1 94 1 OK 2.280 1.637 1.131 0.723 2.5355 2 VUDS-J100028.67+021704.5 8769 24.533
510994681  150.12086487 2.28792095 F51P005 1 96 1 OK 1.216 0.702 1.599 0.684 3.2700 2 VUDS-J100029.00+021716.5 9054 24.934
510342600  150.12072754 2.34443307 F51P005 1 97 1 OK 0.680 1.021 2.533 1.203 2.1200 1 VUDS-J100028.97+022039.9 13808 24.493
511245108  150.12228394 2.29984307 F51P005 1 99 1 OK 1.342 1.166 1.308 0.744 2.1235 2 VUDS-J100029.34+021759.4 10125 24.488
511234902  150.12252808 2.34715796 F51P005 1 100 1 OK 1.247 1.085 1.433 0.729 2.4325 2 VUDS-J100029.40+022049.7 14088 23.712
511001840  150.12495422 2.23696899 F51P005 1 101 1 OK 4.222 2.197 1.502 0.681 1.8308 31 VUDS-J100029.98+021413.0 4972 23.785
511237677  150.12420654 2.34890389 F51P005 1 103 1 OK 0.509 0.715 2.175 1.145 2.0512 1 VUDS-J100029.81+022056.0 14132 24.609
511240238  150.12625122 2.33113408 F51P005 1 104 1 OK 0.892 1.305 1.826 0.984 2.9997 2 VUDS-J100030.30+021952.0 12682 24.717
510994894  150.1277771 2.28659296 F51P005 1 105 1 OK 0.778 0.760 1.643 0.751 3.3400 1 VUDS-J100030.66+021711.7 8943 24.778
511238326  150.12768555 2.34440303 F51P005 1 106 1 OK 0.777 1.161 2.143 1.049 3.5284 1 VUDS-J100030.64+022039.8 13804 24.958
511245062  150.12980652 2.30009294 F51P005 1 107 1 OK 1.349 1.096 1.102 0.473 2.4615 2 VUDS-J100031.15+021800.3 10059 24.857
511245061  150.13021851 2.30009508 F51P005 1 107 2 OK 1.358 1.408 1.102 0.473 2.5487 22 VUDS-J100031.25+021800.3 10082 24.493
511237379  150.12994385 2.35028911 F51P005 1 108 1 OK 0.325 0.566 1.107 0.722 2.5520 1 VUDS-J100031.18+022101.0 -99.9 22.581
510996891  150.13192749 2.27270389 F51P005 1 109 1 OK 2.132 1.788 1.242 0.611 2.5600 3 VUDS-J100031.66+021621.7 7767 24.549
510999751  150.13322449 2.25350904 F51P005 1 110 1 OK 1.047 0.988 1.282 0.840 2.5594 1 VUDS-J100031.97+021512.6 6263 24.999
511239525  150.133255 2.33610702 F51P005 1 111 1 OK 0.998 0.999 2.221 0.991 1.8980 1 VUDS-J100031.98+022009.9 13054 24.577
510996193  150.13511658 2.27799606 F51P005 1 112 1 OK 0.979 1.230 0.903 0.540 2.9537 32 VUDS-J100032.42+021640.7 8200 24.582
511241910  150.14103699 2.31960106 F51P005 1 118 1 OK 2.753 2.072 2.080 1.032 1.4520 1 VUDS-J100033.84+021910.5 11778 23.762
510997733  150.14434814 2.2668879 F51P005 1 121 1 OK 3.088 2.806 1.706 0.887 3.0046 4 VUDS-J100034.64+021600.7 7312 24.444
511245444  150.14608765 2.29711103 F51P005 1 123 1 OK 3.479 3.126 1.343 0.715 3.0385 4 VUDS-J100035.06+021749.5 9786 24.329
511001325  150.14772034 2.24385095 F51P005 1 124 1 OK 1.051 0.586 1.029 0.526 1.4660 1 VUDS-J100035.45+021437.8 5496 24.927
511244889  150.14743042 2.30163193 F51P005 1 125 1 OK 3.920 2.367 1.305 0.725 3.3058 3 VUDS-J100035.38+021805.8 10201 23.870
511006489  150.07696533 2.18908691 F51P005 4 43 1 OK 1.040 1.407 1.861 1.069 2.2351 2 VUDS-J100018.47+021120.7 676 23.907
511011018  150.08303833 2.17792201 F51P005 4 50 1 OK 2.411 2.115 1.616 0.966 2.9802 1 VUDS-J100019.92+021040.5 53 24.258
511009468  150.08453369 2.19014096 F51P005 4 53 1 OK 1.157 1.552 2.102 0.981 2.9629 3 VUDS-J100020.28+021124.5 776 24.500
511010096  150.08691406 2.18508697 F51P005 4 54 1 OK 1.985 1.393 2.759 1.243 2.3787 3 VUDS-J100020.86+021106.3 379 24.236
511011237  150.0887146 2.17731595 F51P005 4 57 1 OK 2.744 2.485 2.335 1.138 2.4167 3 VUDS-J100021.29+021038.3 47 24.742
510253764  150.11312866 2.1814971 F51P005 4 79 2 OK 0.617 1.519 1.984 1.060 2.0851 1 VUDS-J100027.14+021053.3 196 24.952
511009605  150.12498474 2.19086194 F51P005 4 94 1 OK 1.494 2.194 0.986 0.655 2.2813 2 VUDS-J100029.99+021127.1 863 24.731
511479277  150.05305481 2.53840804 F51P007 1 21 1 OK 0.755 0.712 1.526 0.844 2.4463 9 VUDS-J100012.73+023218.2 28153 24.971
511454789  150.06811523 2.54212999 F51P007 1 38 1 OK 2.938 2.551 1.378 0.685 2.1484 3 VUDS-J100016.34+023231.6 28369 24.558
511454886  150.08508301 2.54205608 F51P007 1 52 1 OK 0.457 0.657 1.534 0.715 1.1622 22 VUDS-J100020.41+023231.4 28372 25.189
511454029  150.08822632 2.54746699 F51P007 1 54 1 OK 0.438 0.609 1.573 0.814 3.0759 2 VUDS-J100021.17+023250.8 28584 24.934
511454231  150.09197998 2.54471302 F51P007 1 59 1 OK 4.51 4.669 0.677 0.458 2.9858 2 VUDS-J100022.07+023240.9 28439 23.181
511454055  150.09724426 2.54588509 F51P007 1 66 1 OK 1.17 1.374 2.058 1.02 3.6143 2 VUDS-J100023.33+023245.1 28579 23.566
511453215  150.10015869 2.55263305 F51P007 1 70 1 OK 0.385 0.681 1.332 0.779 3.3566 2 VUDS-J100024.03+023309.4 28725 24.834
511451895  150.10719299 2.5537169 F51P007 1 79 1 OK 0.165 0.49 1.087 0.682 2.2597 1 VUDS-J100025.72+023313.3 28490 24.565
511451872  150.1086731 2.55313301 F51P007 1 81 1 OK 0.001 0.112 0.831 0.508 6.4418 1 VUDS-J100026.08+023311.2 29038 24.565
511453677  150.11155701 2.54973507 F51P007 1 85 1 OK 1.734 2.43 1.661 0.88 3.0247 13 VUDS-J100026.77+023259.0 28849 23.742
511453930  150.11300659 2.54828191 F51P007 1 86 1 OK 5.237 4.355 1.427 0.691 2.4745 4 VUDS-J100027.12+023253.8 28403 24.289
511452944  150.1270752 2.548769 F51P007 1 97 2 OK 0.773 0.695 0.884 0.582 3.0430 2 VUDS-J100030.49+023255.5 28622 24.934
511452936  150.13273621 2.551862 F51P007 1 103 1 OK 0.88 1.079 1.476 0.967 2.9807 3 VUDS-J100031.85+023306.7 28911 24.867
5101232797 150.1423645 2.38260198 F51P008 3 1 1 OK 48.586 1.555 1.793 0.994 2.7143 2 VUDS-J100034.16+022257.3 16997 24.824
5101233392 150.14395142 2.37385392 F51P008 3 3 1 OK 46.281 2.511 0.484 0.285 0.9375 4 VUDS-J100034.54+022225.8 16301 24.035
5121227995 150.14370728 2.41288495 F51P008 3 4 1 OK 38.513 0.281 0.802 0.514 5.9365 1 VUDS-J100034.48+022446.3 35472 24.803
5101234399 150.14602661 2.37193799 F51P008 3 6 1 OK 18.931 0.799 1.702 1.117 3.2538 2 VUDS-J100035.04+022218.9 16102 24.155
5101227996 150.14587402 2.41253209 F51P008 3 7 1 OK 76.684 2.119 0.9 0.533 2.1925 2 VUDS-J100035.00+022445.1 19438 23.033
5101442062 150.14564514 2.45970297 F51P008 3 8 1 OK 112.788 3.536 1.156 0.706 0.2477 4 VUDS-J100034.95+022734.9 22909 24.215
5101235293 150.14762878 2.36718607 F51P008 3 9 1 OK 115.959 3.302 1.895 0.857 2.4520 4 VUDS-J100035.43+022201.8 15699 23.786
5101227985 150.14750671 2.41534495 F51P008 3 10 1 OK 41.51 0.837 1.617 0.86 2.4286 3 VUDS-J100035.40+022455.2 19656 24.337
5181465570 150.1474762 2.46836305 F51P008 3 11 1 OK -0.001 0.0 1.497 0.769 3.2353 1 VUDS-J100035.39+022806.1 23457 25.555
5110368123 150.14976501 2.39022112 F51P008 3 12 1 OK 105.984 2.426 1.923 1.193 0.0000 2 VUDS-J100035.94+022324.7 17590 23.475
5101246199 150.14857483 2.45809293 F51P008 3 13 1 OK 103.382 2.428 1.017 0.597 1.1295 24 VUDS-J100035.65+022729.1 22830 23.151
5101246200 150.14918518 2.4581871 F51P008 3 13 2 OK 0.001 0.068 1.017 0.597 3.3985 2 VUDS-J100035.80+022729.4 22781 24.875
5101224872 150.15127563 2.4380331 F51P008 3 15 1 OK 57.463 1.783 1.194 0.727 0.4754 4 VUDS-J100036.30+022616.9 21370 24.191
5101463422 150.15193176 2.48395109 F51P008 3 16 1 OK 41.706 0.964 1.493 0.842 3.2835 2 VUDS-J100036.46+022902.2 24485 24.958
5110357273 150.15371704 2.37049508 F51P008 3 17 1 OK 37.863 1.621 1.856 0.99 2.4594 3 VUDS-J100036.89+022213.7 15979 24.978
5121228702 150.15496826 2.41266203 F51P008 3 18 1 OK 33.284 1.086 2.197 1.107 3.6028 2 VUDS-J100037.19+022445.5 19443 24.889
5101233444 150.15748596 2.3790741 F51P008 3 20 1 OK 36.298 1.405 1.684 0.979 2.1102 2 VUDS-J100037.79+022244.6 16709 24.984
5101226251 150.15718079 2.42786694 F51P008 3 21 1 OK 22.963 1.035 1.636 0.966 3.9888 3 VUDS-J100037.72+022540.3 20598 24.321
5101465838 150.1572876 2.46685195 F51P008 3 22 1 OK 80.722 2.281 2.154 0.944 1.1292 4 VUDS-J100037.74+022800.6 23366 24.321
5101228787 150.15879822 2.41090798 F51P008 3 24 1 OK 95.185 1.264 2.247 1.06 2.6592 3 VUDS-J100038.11+022439.2 19351 23.896
5181466520 150.15885925 2.46121097 F51P008 3 25 2 OK 0.001 0.053 1.511 0.709 4.5202 3 VUDS-J100038.12+022740.3 36576 25.331
5101235492 150.16119385 2.36541104 F51P008 3 26 1 OK 7.947 0.304 1.818 0.907 2.6015 1 VUDS-J100038.68+022155.4 15543 24.79
5101227063 150.16122437 2.4225471 F51P008 3 27 1 OK 48.397 0.72 0.893 0.464 0.8932 3 VUDS-J100038.69+022521.1 20233 24.748
5101463868 150.16090393 2.48098707 F51P008 3 28 1 OK 28.724 1.154 1.59 0.905 0.6941 3 VUDS-J100038.61+022851.5 24285 24.385
5101235549 150.16419983 2.36540294 F51P008 3 29 2 OK 89.885 2.34 2.031 1.141 2.4571 3 VUDS-J100039.40+022155.4 15576 24.326
5101229197 150.16371155 2.40589499 F51P008 3 30 1 OK 4.685 0.215 1.39 0.736 3.5058 2 VUDS-J100039.29+022421.2 18884 24.886
5101246175 150.16311646 2.45943594 F51P008 3 31 1 OK 7.839 0.443 1.535 0.802 3.7094 29 VUDS-J100039.14+022733.9 22868 26.746
5101246128 150.16387939 2.45945907 F51P008 3 31 2 OK 25.181 0.89 1.535 0.802 2.3319 1 VUDS-J100039.33+022734.0 22880 24.998
5101236096 150.16656494 2.36196995 F51P008 3 32 1 OK 52.533 0.627 1.21 0.649 2.6680 1 VUDS-J100039.97+022143.0 15286 24.423
5101227599 150.16659546 2.41860294 F51P008 3 33 1 OK 72.44 1.529 1.693 0.731 2.5461 1 VUDS-J100039.98+022506.9 19912 24.547
5101234049 150.16836548 2.37416506 F51P008 3 35 1 OK 30.088 1.134 1.554 0.757 2.9958 2 VUDS-J100040.40+022226.9 16310 24.982
5101227933 150.16807556 2.41213489 F51P008 3 36 1 OK 14.908 0.322 0.538 0.307 5.5828 9 VUDS-J100040.33+022443.6 19389 24.975
5101466084 150.16827393 2.46450901 F51P008 3 37 1 OK 62.328 1.916 1.122 0.734 2.8426 2 VUDS-J100040.38+022752.2 23212 24.302
5101232362 150.17326355 2.38510489 F51P008 3 38 1 OK 80.289 2.34 2.166 1.007 2.0818 2 VUDS-J100041.58+022306.3 17226 24.334
5101225910 150.17193604 2.42977905 F51P008 3 39 1 OK 7.359 0.566 1.72 0.861 0.5848 29 VUDS-J100041.26+022547.2 20712 25.276
5101225912 150.17271423 2.42967606 F51P008 3 39 2 OK 24.177 1.093 1.72 0.861 2.2246 2 VUDS-J100041.45+022546.8 20715 24.823
5101225517 150.17532349 2.43214798 F51P008 3 42 1 OK 101.954 2.563 1.261 0.711 1.9994 2 VUDS-J100042.07+022555.7 20918 24.073
5101233724 150.17739868 2.37523007 F51P008 3 44 1 OK 11.91 0.636 1.548 1.014 4.3862 4 VUDS-J100042.57+022230.8 16397 24.713
5101227822 150.17678833 2.41718102 F51P008 3 45 1 OK 13.155 0.587 1.032 0.703 3.3814 2 VUDS-J100042.42+022501.8 19821 24.959
5181246058 150.17736816 2.45722795 F51P008 3 46 2 OK 0.002 0.082 1.082 0.666 3.6118 1 VUDS-J100042.56+022726.0 22724 25.617
5101233539 150.18009949 2.37834096 F51P008 3 47 2 OK 0.004 0.146 1.948 1.17 4.9077 4 VUDS-J100043.22+022242.0 16657 24.663
5101228008 150.17956543 2.4161489 F51P008 3 48 3 OK 0.027 0.76 2.239 1.059 3.7577 2 VUDS-J100043.09+022458.1 19723 24.079
5101463685 150.18037415 2.48320603 F51P008 3 49 1 OK 43.738 1.215 1.116 0.731 2.3060 1 VUDS-J100043.28+022859.5 24467 24.548
5101228314 150.18191528 2.41369796 F51P008 3 50 1 OK 12.041 0.563 1.449 0.825 0.9010 9 VUDS-J100043.65+022449.3 19516 24.771
5101221959 150.18200684 2.45766497 F51P008 3 51 1 OK 96.941 2.652 0.952 0.427 0.7457 3 VUDS-J100043.67+022727.5 22782 23.906
5101235246 150.184 2.36758 F51P008 3 52 1 OK 6.659 0.426 2.016 1.274 3.5770 21 VUDS-J100044.06+022203.2 -99.9 24.812
5101235245 150.18377686 2.36775494 F51P008 3 52 2 OK 0.001 0.076 2.016 1.274 3.2758 9 VUDS-J100044.10+022203.9 15788 23.996
5101226708 150.18345642 2.42490411 F51P008 3 53 1 OK 24.773 0.309 0.717 0.4 4.0300 2 VUDS-J100044.02+022529.6 20394 24.914
5101464237 150.18336487 2.47832704 F51P008 3 54 1 OK 38.121 1.431 1.329 0.706 4.0827 39 VUDS-J100044.00+022841.9 24097 24.168
5101233584 150.18501282 2.37743306 F51P008 3 55 1 OK 92.444 2.663 1.507 0.707 2.1677 3 VUDS-J100044.40+022238.7 16640 23.836
5101226863 150.18504333 2.41726494 F51P008 3 56 1 OK 70.37 1.709 1.239 0.696 0.5074 4 VUDS-J100044.41+022502.1 19848 24.037
5170134721 150.18475342 2.48860312 F51P008 3 57 1 OK 28.263 1.246 0.786 0.457 0.0000 4 VUDS-J100044.33+022918.9 24858 22.654
5101233433 150.18684387 2.3791101 F51P008 3 58 1 OK 41.733 1.166 2.321 1.091 3.7403 4 VUDS-J100044.84+022244.7 16703 24.244
5101227899 150.18702698 2.41693592 F51P008 3 59 1 OK 88.635 1.94 1.356 0.607 2.5226 3 VUDS-J100044.88+022500.9 19816 24.455
5181222312 150.18655396 2.45533109 F51P008 3 60 1 OK 20.285 0.777 1.859 0.855 3.0146 1 VUDS-J100044.77+022719.1 22684 25.386
5101232355 150.18969727 2.38568592 F51P008 3 61 1 OK 10.337 0.564 1.582 0.875 4.2685 4 VUDS-J100045.52+022308.4 17264 24.17
5101226001 150.18927002 2.42783308 F51P008 3 62 1 OK 11.678 0.499 1.796 0.801 3.7327 3 VUDS-J100045.42+022540.1 20579 24.923
5101465882 150.18840027 2.46574497 F51P008 3 63 1 OK 117.607 2.265 0.929 0.629 2.1191 3 VUDS-J100045.21+022756.6 23298 24.34
5101465883 150.18807983 2.46556091 F51P008 3 63 3 OK 34.835 1.174 0.929 0.629 0.3458 24 VUDS-J100045.13+022756.0 23281 24.562
5101233078 150.19169617 2.37993407 F51P008 3 64 1 OK 31.593 1.226 1.11 0.687 2.6855 3 VUDS-J100046.00+022247.7 16788 24.762
5101227236 150.19154358 2.4211719 F51P008 3 65 1 OK 80.327 2.579 1.231 0.832 0.9815 3 VUDS-J100045.96+022516.2 20141 23.864
5101227238 150.191 2.42099 F51P008 3 65 2 OK 0.003 0.255 1.231 0.832 4.6478 22 VUDS-J100045.75+022515.5 -99.9 24.038
5131466685 150.19128418 2.46022105 F51P008 3 66 1 OK 0.002 0.056 0.982 0.653 0.0000 3 VUDS-J100045.90+022736.7 22947 25.154
5101234494 150.19413757 2.37226892 F51P008 3 67 1 OK 23.798 0.79 0.4 0.233 4.6031 39 VUDS-J100046.59+022220.1 16165 24.324
5101228820 150.19421387 2.41098905 F51P008 3 68 2 OK 113.616 0.889 1.466 0.802 0.0984 3 VUDS-J100046.61+022439.5 19322 24.279
5170131678 150.19395447 2.47101593 F51P008 3 69 1 OK 78.258 2.07 1.784 0.849 2.4009 3 VUDS-J100046.55+022815.6 23651 24.527
5101235539 150.19587708 2.36534905 F51P008 3 70 1 OK 25.574 1.042 1.627 0.882 2.8586 1 VUDS-J100047.00+022155.2 15567 24.623
5101228764 150.19602966 2.41233301 F51P008 3 71 1 OK 19.225 0.703 1.22 0.735 3.1618 3 VUDS-J100047.04+022444.3 19426 24.321
5131463678 150.19586182 2.48250008 F51P008 3 72 1 OK 12.208 0.502 1.385 0.784 4.0320 3 VUDS-J100047.00+022856.9 24389 25.186
5110359537 150.1975708 2.37504292 F51P008 3 73 1 OK 38.505 1.586 1.845 1.064 0.0000 2 VUDS-J100047.41+022230.1 16390 24.454
5101224037 150.19776917 2.44340301 F51P008 3 74 1 OK 92.356 2.461 1.972 0.91 3.2905 2 VUDS-J100047.46+022636.2 21746 23.9
5101463139 150.19769287 2.48577189 F51P008 3 75 1 OK 70.389 2.055 2.124 1.028 2.4583 3 VUDS-J100047.44+022908.7 24663 24.197
5101229289 150.19984436 2.40553498 F51P008 3 77 1 OK 97.37 0.339 1.457 0.629 2.9666 2 VUDS-J100047.96+022419.9 18832 24.088
5101466323 150.19969177 2.4631319 F51P008 3 78 1 OK 107.666 2.456 1.147 0.534 0.3743 4 VUDS-J100047.92+022747.2 23136 23.937
5101234193 150.201828 2.37354207 F51P008 3 79 1 OK 35.698 0.969 0.93 0.548 3.4751 4 VUDS-J100048.43+022224.7 16303 24.24
5170115232 150.20368958 2.37774396 F51P008 3 81 1 OK 1.988 0.188 1.406 0.787 3.8373 2 VUDS-J100048.88+022239.8 16630 24.761
5101464099 150.20315552 2.47861004 F51P008 3 83 1 OK 22.181 0.729 1.096 0.561 2.1679 2 VUDS-J100048.75+022842.9 24100 24.932
5140000196 150.20507812 2.39452052 F51P008 3 84 1 OK 13.09 0.293 1.112 0.579 4.9206 1 VUDS-J100049.21+022340.2 17962 25.601
511257095  150.05230713 2.36860991 F51P007 4 22 1 OK 0.215 0.546 1.344 0.604 3.397 1 VUDS-J100012.55+022206.9 15797 24.985
510410944  150.05262756 2.47581697 F51P007 4 24 1 OK 0.992 1.527 2.733 1.238 2.9047 2 VUDS-J100012.62+022832.9 23935 24.965
511257081  150.05366516 2.374259 F51P007 4 25 1 OK 0.217 0.499 2.973 1.396 3.556 1 VUDS-J100012.87+022227.3 16325 24.815
511254260  150.05787659 2.40095401 F51P007 4 28 2 OK 0.915 1.17 1.17 0.504 2.634 1 VUDS-J100013.88+022403.4 18476 24.471
511248199  150.05664062 2.44539404 F51P007 4 29 1 OK 2.24 2.284 1.143 0.635 3.0497 3 VUDS-J100013.59+022643.4 21882 24.963
511251542  150.05931091 2.42133594 F51P007 4 31 1 OK 2.061 2.646 1.48 0.685 2.5474 3 VUDS-J100014.23+022516.8 20165 24.221
511489252  150.05967712 2.47008801 F51P007 4 32 1 OK 2.973 3.734 0.814 0.508 2.295 1 VUDS-J100014.32+022812.3 23589 24.069
511232589  150.06152344 2.37944794 F51P007 4 33 1 OK 2.814 3.256 1.096 0.678 2.082 2 VUDS-J100014.76+022246.0 16747 23.475
511227001  150.06216431 2.42305589 F51P007 4 34 1 OK 0.859 0.596 1.568 0.678 3.635 3 VUDS-J100014.92+022523.0 20282 24.931
511464730  150.06117249 2.4745369 F51P007 4 35 1 OK 1.222 1.392 1.582 0.896 3.395 2 VUDS-J100014.68+022828.3 23841 24.809
511231577  150.06393433 2.38628006 F51P007 4 36 1 OK 1.09 1.917 3.139 1.308 2.5466 3 VUDS-J100015.34+022310.6 17289 24.787
511225853  150.0675354 2.43074203 F51P007 4 41 1 OK 1.282 2.043 2.143 0.974 3.39 2 VUDS-J100016.20+022550.6 20810 24.642
510409567  150.06744385 2.47247791 F51P007 4 42 1 OK 1.095 1.872 1.419 0.829 3.2413 32 VUDS-J100016.18+022820.9 23727 23.853
511234725  150.06910706 2.36385703 F51P007 4 43 1 OK 0.593 0.95 2.678 1.357 3.4331 2 VUDS-J100016.58+022149.8 15452 23.82
511226340  150.07034302 2.42701197 F51P007 4 44 1 OK 7.484 6.212 1.055 0.515 0.2026 4 VUDS-J100016.88+022537.2 20570 23.389
511234747  150.07244873 2.3701601 F51P007 4 46 1 OK 0.294 0.513 1.06 0.604 3.9476 2 VUDS-J100017.38+022212.5 15947 24.428
511464295  150.072052 2.47751808 F51P007 4 48 1 OK 4.231 2.632 1.248 0.841 2.8725 2 VUDS-J100017.29+022839.0 24044 23.76
511234776  150.07391357 2.36701298 F51P007 4 49 1 OK 2.311 1.129 2.37 1.008 2.5372 1 VUDS-J100017.74+022201.2 15853 22.594
510383091  150.07424927 2.41828799 F51P007 4 50 1 OK 1.23 0.483 1.039 0.497 3.1153 3 VUDS-J100017.81+022505.8 19898 24.42
511464300  150.07498169 2.4778409 F51P007 4 51 1 OK 1.227 1.351 0.989 0.6 3.3743 4 VUDS-J100017.99+022840.2 24058 24.795
511463719  150.07696533 2.47734094 F51P007 4 54 1 OK 2.094 2.228 1.665 0.851 2.4719 3 VUDS-J100018.47+022838.4 24059 24.229
511234222  150.08703613 2.37049794 F51P007 4 60 1 OK 2.103 2.561 2.09 0.892 2.5511 3 VUDS-J100020.88+022213.7 16059 23.935
511228970  150.08692932 2.41051793 F51P007 4 61 1 OK 2.337 1.376 2.361 1.16 0.5396 24 VUDS-J100020.86+022437.8 19384 22.188
511228971  150.08773804 2.41017008 F51P007 4 61 2 OK 0.286 1.077 2.361 1.16 3.08 2 VUDS-J100021.05+022436.6 19250 24.689
510411306  150.08827209 2.47700095 F51P007 4 62 2 OK 2.026 2.043 1.434 0.801 3.1779 1 VUDS-J100021.18+022837.2 24006 24.432
511233771  150.08979797 2.37663388 F51P007 4 63 1 OK 0.31 0.886 1.014 0.518 3.1195 1 VUDS-J100021.55+022235.8 16529 24.892
511466268  150.08972168 2.46296811 F51P007 4 64 1 OK 0.217 0.471 0.879 0.618 4.6734 2 VUDS-J100021.53+022746.6 23126 24.574
511225239  150.09158325 2.43562388 F51P007 4 66 1 OK 0.457 0.955 1.303 0.665 0.0 2 VUDS-J100021.98+022608.2 21149 24.884
511229074  150.09379578 2.38816905 F51P007 4 68 1 OK 0.227 0.294 1.014 0.481 3.2379 9 VUDS-J100022.51+022317.4 34839 23.632
511224200  150.09399414 2.44247198 F51P007 4 69 1 OK 0.75 1.098 1.24 0.619 2.457 2 VUDS-J100022.56+022632.8 21719 24.929
511466339  150.09544373 2.46301603 F51P007 4 71 1 OK 0.426 0.772 2.208 0.922 3.4139 2 VUDS-J100022.90+022746.8 23141 24.465
511228965  150.09681702 2.38352609 F51P007 4 72 1 OK 1.586 2.049 0.905 0.471 2.5114 3 VUDS-J100023.23+022300.6 17068 24.928
511222865  150.09712219 2.45168996 F51P007 4 73 1 OK 2.709 2.736 1.317 0.758 2.4796 3 VUDS-J100023.30+022706.0 22364 24.255
511235023  150.09916687 2.36828303 F51P007 4 74 1 OK 2.103 1.95 2.083 0.972 0.04 21 VUDS-J100023.79+022205.8 16030 21.039
511225656  150.09893799 2.4320631 F51P007 4 75 1 OK 3.641 3.835 2.888 1.304 2.2002 1 VUDS-J100023.74+022555.4 20905 24.351
511232607  150.10006714 2.3836 F51P007 4 76 1 OK 3.037 2.743 2.614 1.29 0.2383 4 VUDS-J100024.01+022300.9 17085 24.521
510387625  150.10044861 2.42858005 F51P007 4 77 1 OK 1.266 1.087 1.593 0.695 2.4743 3 VUDS-J100024.10+022542.8 20627 24.802
511462607  150.10084534 2.48639107 F51P007 4 78 1 OK 0.127 0.5 1.693 0.78 3.8363 2 VUDS-J100024.20+022911.0 24659 24.996
511223103  150.10276794 2.44970107 F51P007 4 79 1 OK 0.822 1.127 1.76 0.788 2.585 1 VUDS-J100024.66+022658.9 22243 24.907
510353936  150.10429382 2.36496401 F51P007 4 80 1 OK 2.599 0.42 1.296 0.787 2.7121 2 VUDS-J100025.03+022153.8 15521 24.557
511227773  150.10455322 2.41676092 F51P007 4 81 1 OK 3.632 3.038 1.468 0.83 2.4709 4 VUDS-J100025.09+022500.3 19838 23.698
511222018  150.10450745 2.45807004 F51P007 4 82 1 OK 1.798 2.369 2.357 0.995 2.2392 1 VUDS-J100025.08+022729.0 22788 24.696
511234629  150.10566711 2.37139511 F51P007 4 83 1 OK 0.233 0.466 1.411 0.753 3.5702 1 VUDS-J100025.36+022217.0 16046 24.772
511228281  150.1065979 2.41356993 F51P007 4 84 1 OK 2.234 2.28 1.628 0.751 3.1135 3 VUDS-J100025.58+022448.8 19526 24.183
511222619  150.10626221 2.45194411 F51P007 4 85 1 OK 3.349 3.099 2.138 1.137 2.9011 4 VUDS-J100025.50+022706.9 22400 24.057
511235190  150.10821533 2.36653495 F51P007 4 86 1 OK 1.147 1.571 1.158 0.576 3.11 1 VUDS-J100025.97+022159.5 15628 24.627
511229478  150.10823059 2.40853 F51P007 4 87 1 OK 2.224 2.133 1.943 0.854 3.4164 33 VUDS-J100025.97+022430.7 19140 24.295
511229250  150.10978699 2.41013503 F51P007 4 89 1 OK 0.421 1.002 0.487 0.257 3.03 1 VUDS-J100026.34+022436.4 19242 24.896
511225288  150.11210632 2.43195391 F51P007 4 91 1 OK 1.496 1.399 2.243 1.084 3.2436 2 VUDS-J100026.90+022555.0 20864 24.977
511462961  150.1113739 2.48699808 F51P007 4 92 1 OK 2.067 1.118 2.448 1.042 2.3291 2 VUDS-J100026.73+022913.1 24764 24.436
511234644  150.11387634 2.3699739 F51P007 4 93 2 OK 0.465 0.727 1.346 0.583 2.4677 22 VUDS-J100027.32+022211.9 15899 25.317
511229433  150.11387634 2.409096 F51P007 4 94 1 OK 2.895 1.321 1.864 0.799 3.2545 3 VUDS-J100027.33+022432.7 19153 24.325
511233945  150.11581421 2.37472296 F51P007 4 95 1 OK 0.606 1.08 1.322 0.681 2.98 1 VUDS-J100027.79+022229.0 16352 24.772
511225111  150.1161499 2.43611097 F51P007 4 96 1 OK 1.263 1.706 1.93 1.045 2.516 2 VUDS-J100027.87+022609.9 21220 24.737
511231402  150.11772156 2.39112091 F51P007 4 97 1 OK 0.897 1.068 1.561 0.803 3.6854 3 VUDS-J100028.25+022328.0 17645 24.983
511225585  150.11793518 2.43282604 F51P007 4 98 1 OK 0.845 1.42 1.342 0.641 3.1081 1 VUDS-J100028.30+022558.1 20940 24.971
511233292  150.11946106 2.3794651 F51P007 4 99 1 OK 0.664 0.988 1.543 0.888 3.5367 1 VUDS-J100028.67+022246.0 16725 24.961
511463557  150.12016296 2.48228407 F51P007 4 100 1 OK 2.138 2.61 1.209 0.746 2.4794 1 VUDS-J100028.83+022856.2 24408 24.649
511234010  150.121521 2.37346292 F51P007 4 101 1 OK 0.746 0.984 1.654 0.76 2.4321 1 VUDS-J100029.16+022224.4 16251 24.828
511226141  150.12147522 2.42620492 F51P007 4 102 1 OK 0.818 1.012 1.79 1.034 2.93 1 VUDS-J100029.15+022534.3 20488 24.627
511465653  150.12161255 2.46815896 F51P007 4 103 1 OK 1.356 2.104 1.25 0.834 3.1161 3 VUDS-J100029.18+022805.3 23441 24.95
511225417  150.12322998 2.43202496 F51P007 4 104 1 OK 1.669 2.54 1.175 0.62 2.42 2 VUDS-J100029.57+022555.2 20885 24.776
511235318  150.12484741 2.36714697 F51P007 4 105 1 OK 1.824 1.914 0.974 0.453 2.0931 1 VUDS-J100029.96+022201.7 15724 24.549
511228420  150.12461853 2.41167808 F51P007 4 106 1 OK 0.587 1.25 1.939 0.934 0.9351 3 VUDS-J100029.90+022442.0 19365 24.952
511235666  150.1277771 2.36462092 F51P007 4 107 2 OK 1.817 1.845 1.225 0.627 3.3686 2 VUDS-J100030.66+022152.6 15497 24.658
511224303  150.13755798 2.44068408 F51P007 4 117 1 OK 5.197 4.316 1.418 0.828 2.5113 3 VUDS-J100033.01+022626.4 21564 24.358
511233860  150.14533997 2.37551904 F51P007 4 125 1 OK 4.075 3.346 1.208 0.612 1.1753 1 VUDS-J100034.88+022231.8 16440 24.121
511232421  150.1472168 2.38331199 F51P007 4 128 1 OK 6.331 5.929 2.191 1.108 0.0 24 VUDS-J100035.33+022259.9 17262 18.444
511463578  150.13682556 2.48253489 F51P007 4 118 1 OK 0.563 0.824 2.16 1.088 4.0073 3 VUDS-J100032.83+022857.1 24391 24.956
511233416  150.13887024 2.366678 F51P007 4 119 1 OK 3.349 3.444 1.597 1.079 2.4748 3 VUDS-J100033.32+022200.0 15671 24.129
511228185  150.13970947 2.41598105 F51P007 4 120 1 OK 4.585 3.266 1.841 0.807 2.5085 3 VUDS-J100033.53+022457.5 19705 24.462
511233374  150.14129639 2.36824107 F51P007 4 121 1 OK 1.326 1.606 1.121 0.621 3.0453 2 VUDS-J100033.90+022205.6 15760 24.462
511233381  150.14358521 2.37166405 F51P007 4 123 1 OK 0.245 0.883 1.454 0.686 3.7105 2 VUDS-J100034.45+022217.9 16080 24.129
5101455699 150.1809845 2.53591299 F51P008 2 49 2 OK 11.139 0.684 0.223 0.139 0.8974 3 VUDS-J100043.43+023209.2 27963 24.339
5101454586 150.19822693 2.54353094 F51P008 2 67 2 OK 36.007 0.876 1.568 0.814 2.2480 1 VUDS-J100047.57+023236.7 28516 24.817
5101243705 150.1519928 2.30920005 F51P006 2 10 1 OK 2.481 3.429 2.311 1.142 1.0962 2 VUDS-J100036.47+021833.1 10859 24.697
5100998765 150.16551208 2.26052308 F51P006 2 27 2 OK 5.462 5.111 1.532 0.874 0.0000 24 VUDS-J100039.72+021537.8 6797 23.254
5101002040 150.17720032 2.23910189 F51P006 2 44 1 OK 1.906 1.733 2.521 1.233 3.1590 3 VUDS-J100042.52+021420.7 5102 24.966
5101242274 150.19108582 2.317981 F51P006 2 61 1 OK 0.374 0.65 2.3 1.149 4.3771 4 VUDS-J100045.86+021904.7 11634 24.301
5101236802 150.19154358 2.35714006 F51P006 2 62 1 OK 2.801 2.033 1.19 0.774 0.3408 3 VUDS-J100045.97+022125.7 14868 24.243
5131010085 150.15454102 2.1871531 F51P006 3 12 1 OK 0.165 0.456 1.986 1.172 3.2692 1 VUDS-J100037.08+021113.7 515 25.073
511265716  150.05659485 2.3263061 F51P005 1 27 1 OK 0.665 0.882 1.003 0.568 2.9803 3 VUDS-J100013.58+021934.7 12278 24.512
511025693  150.05993652 2.25041509 F51P005 1 28 1 OK 4.131 1.848 0.987 0.561 3.2562 4 VUDS-J100014.38+021501.4 6005 24.094
511261952  150.05834961 2.35261011 F51P005 1 30 1 OK 0.682 0.902 2.021 0.847 0.8518 9 VUDS-J100014.00+022109.3 14429 24.879
511242800  150.07717896 2.3098619 F51P005 1 45 2 OK 21.037 5.013 0.920 0.428 0.1231 24 VUDS-J100018.52+021835.5 11210 19.366
510325615  150.07818604 2.31456995 F51P005 1 47 1 OK 1.127 1.545 1.124 0.634 3.0889 1 VUDS-J100018.76+021852.4 11302 24.411
511236449  150.07829285 2.35781908 F51P005 1 48 1 OK 0.329 0.413 1.400 0.686 2.4249 1 VUDS-J100018.79+022128.1 15089 24.079
510998228  150.0919342 2.26268697 F51P005 1 62 1 OK 0.300 0.841 1.444 0.836 0.9511 22 VUDS-J100022.06+021545.6 6950 23.605
510998227  150.09228516 2.26278901 F51P005 1 62 2 OK 0.494 1.308 1.444 0.836 0.3254 4 VUDS-J100022.14+021546.0 6951 24.178
510997852  150.10743713 2.26642704 F51P005 1 82 1 OK 1.610 0.846 0.456 0.223 3.1780 2 VUDS-J100025.78+021559.1 7253 24.786
511240899  150.10743713 2.32722092 F51P005 1 83 1 OK 0.836 0.787 1.055 0.572 2.7794 39 VUDS-J100025.78+021937.9 12332 24.960
511001847  150.10946655 2.2400701 F51P005 1 84 1 OK 2.681 1.377 0.400 0.257 2.4363 3 VUDS-J100026.27+021424.2 5240 24.482
511002137  150.12278748 2.23734307 F51P005 1 98 1 OK 0.803 0.974 0.952 0.493 1.1456 2 VUDS-J100029.46+021414.4 4980 24.453
511002138  150.12243652 2.23710608 F51P005 1 98 2 OK 0.166 0.473 0.952 0.493 0.7469 29 VUDS-J100029.38+021413.5 4913 24.282
511244010  150.13882446 2.30706906 F51P005 1 115 1 OK 2.540 1.738 1.171 0.519 3.2879 3 VUDS-J100033.31+021825.4 10701 24.289
510285782  150.14102173 2.23957801 F51P005 1 117 1 OK 1.237 1.070 1.659 0.825 3.3360 4 VUDS-J100033.84+021422.4 5142 24.994
511036513  150.05619812 2.17433095 F51P005 4 24 1 OK 2.669 3.015 1.576 0.746 2.1049 1 VUDS-J100013.48+021027.5 4 24.638
511010491  150.13061523 2.18390107 F51P005 4 99 1 OK 3.741 2.708 1.358 0.942 0.0 1 VUDS-J100031.34+021102.0 324 24.451
511009107  150.14825439 2.1886549 F51P005 4 118 1 OK 2.026 2.009 1.704 0.972 0.3590 3 VUDS-J100035.57+021119.1 655 24.639
510445964  150.08621216 2.54195905 F51P007 1 52 2 OK 2.032 2.046 1.534 0.715 3.1118 4 VUDS-J100020.69+023231.0 28357 24.668
511454988  150.13702393 2.54127598 F51P007 1 108 1 OK 3.038 2.903 1.566 1.073 2.1374 2 VUDS-J100032.88+023228.5 28308 24.421
5110406464 150.14376831 2.46673608 F51P008 3 5 1 OK 67.781 1.827 1.284 0.786 3.0780 3 VUDS-J100034.50+022800.2 23364 23.955
5101234596 150.15977478 2.37122989 F51P008 3 23 1 OK 150.491 3.146 1.531 0.844 2.4562 3 VUDS-J100038.34+022216.4 16064 23.854
5101225909 150.173 2.42979 F51P008 3 39 3 OK 0.008 0.541 1.72 0.861 2.9054 1 VUDS-J100041.60+022547.2 -99.9 25.521
5101465151 150.1725769 2.47148705 F51P008 3 40 1 OK 15.186 0.578 1.487 0.941 3.7088 3 VUDS-J100041.41+022817.3 23677 24.726
5170129092 150.2016449 2.4576931 F51P008 3 80 1 OK 8.366 0.435 1.597 0.813 0.0000 4 VUDS-J100048.39+022727.6 22786 22.813
511226355  150.06358337 2.42695403 F51P007 4 37 1 OK 4.706 3.867 1.339 0.77 2.5154 4 VUDS-J100015.26+022537.0 20537 24.215
511465281  150.06411743 2.46984291 F51P007 4 38 1 OK 2.137 2.282 1.276 0.713 3.641 33 VUDS-J100015.38+022811.4 23584 24.288
511228062  150.06535339 2.41182208 F51P007 4 39 1 OK 1.708 2.09 1.504 0.674 3.3555 4 VUDS-J100015.68+022442.5 19374 24.403
511235472  150.07931519 2.3653059 F51P007 4 55 1 OK 0.681 0.75 0.756 0.481 2.8462 1 VUDS-J100019.03+022155.1 15561 24.988
511226972  150.07943726 2.42321396 F51P007 4 56 2 OK 2.564 0.907 0.19 0.108 3.1134 3 VUDS-J100019.06+022523.5 20273 24.976
510404248  150.0793457 2.4627049 F51P007 4 57 1 OK 3.035 2.898 2.456 1.07 0.0 3 VUDS-J100019.04+022745.7 23109 23.697
510379326  150.08125305 2.41225696 F51P007 4 58 1 OK 2.339 2.911 2.186 0.965 3.1681 1 VUDS-J100019.49+022444.1 19414 24.256
511229098  150.0953064 2.38647795 F51P007 4 70 1 OK 3.928 5.588 0.547 0.329 1.831 2 VUDS-J100022.87+022311.3 17342 23.542
511231856  150.11193848 2.38848805 F51P007 4 90 1 OK 1.941 1.901 1.696 0.799 2.4983 1 VUDS-J100026.86+022318.5 17482 24.791
511463302  150.12669373 2.48228312 F51P007 4 110 1 OK 1.785 1.725 2.681 1.162 0.6548 3 VUDS-J100030.40+022856.2 24373 24.429
511232795  150.1325531 2.38189197 F51P007 4 111 1 OK 2.313 1.057 0.789 0.43 3.1922 4 VUDS-J100031.81+022254.8 16951 24.025
511224097  150.13305664 2.4385891 F51P007 4 112 1 OK 0.22 0.508 2.253 1.17 3.2627 9 VUDS-J100031.93+022618.9 21387 23.948
511235779  150.134552 2.36363506 F51P007 4 113 1 OK 1.291 0.559 1.662 0.791 2.8201 2 VUDS-J100032.29+022149.0 15414 24.668
511227411  150.13441467 2.420609 F51P007 4 114 1 OK 1.391 1.484 1.733 0.968 3.4145 4 VUDS-J100032.26+022514.1 20090 24.518
519711055  150.13505554 2.48604393 F51P007 4 115 1 OK 0.094 0.326 2.807 1.19 4.815 3 VUDS-J100032.41+022909.7 24631 88.0
